----------------------------------------------------------------
-------------------------EXPERIMENT #1-------------------------
----------------------------------------------------------------

Generation       Best Value          Average           StdDev         Best Genotype

         1         7.594362         0.096824         0.021719  ( 40.273397  23.634674 ) 
         2         7.594362         0.103343         0.020804  ( 40.273397  23.634674 ) 
         3         7.594362         0.106777         0.019314  ( 40.273397  23.634674 ) 
         4         7.594362         0.110832         0.019112  ( 40.273397  23.634674 ) 
         5         7.594362         0.111555         0.018536  ( 40.273397  23.634674 ) 
         6         7.586320         0.112148         0.017376  ( 40.254886  23.634674 ) 
         7         7.586320         0.115783         0.016098  ( 40.254886  23.634674 ) 
         8         7.582097         0.115163         0.015446  ( 40.254886  23.607469 ) 
         9         7.582097         0.115472         0.014246  ( 40.254886  23.607469 ) 
        10         7.582097         0.117469         0.012494  ( 40.254886  23.607469 ) 
        11         7.582097         0.119269         0.012005  ( 40.254886  23.607469 ) 
        12         7.582097         0.118100         0.013380  ( 40.254886  23.607469 ) 
        13         7.582097         0.118800         0.012127  ( 40.254886  23.607469 ) 
        14         7.582097         0.119449         0.014365  ( 40.254886  23.607469 ) 
        15         7.582097         0.121115         0.012222  ( 40.254886  23.607469 ) 
        16         7.582097         0.120877         0.014721  ( 40.254886  23.607469 ) 
        17         7.582097         0.123246         0.010021  ( 40.254886  23.607469 ) 
        18         7.582097         0.122623         0.010461  ( 40.254886  23.607469 ) 
        19         7.582097         0.122221         0.009547  ( 40.254886  23.607469 ) 
        20         7.582097         0.121788         0.010233  ( 40.254886  23.607469 ) 
        21         7.582097         0.121971         0.011268  ( 40.254886  23.607469 ) 
        22         7.582097         0.122965         0.008923  ( 40.254886  23.607469 ) 
        23         7.582097         0.121395         0.012289  ( 40.254886  23.607469 ) 
        24         7.582097         0.119762         0.013680  ( 40.254886  23.607469 ) 
        25         7.582097         0.120121         0.012853  ( 40.254886  23.607469 ) 
        26         7.582097         0.117552         0.016208  ( 40.254886  23.607469 ) 
        27         7.582097         0.117385         0.014989  ( 40.254886  23.607469 ) 
        28         7.582097         0.117932         0.012884  ( 40.254886  23.607469 ) 
        29         7.582097         0.116731         0.015168  ( 40.254886  23.607469 ) 
        30         7.582097         0.116132         0.015087  ( 40.254886  23.607469 ) 
        31         7.582097         0.116403         0.015811  ( 40.254886  23.607469 ) 
        32         7.582097         0.115600         0.015993  ( 40.254886  23.607469 ) 
        33         7.582097         0.117211         0.015318  ( 40.254886  23.607469 ) 
        34         7.582097         0.118758         0.015004  ( 40.254886  23.607469 ) 
        35         7.582097         0.116627         0.016317  ( 40.254886  23.607469 ) 
        36         7.582097         0.115482         0.017164  ( 40.254886  23.607469 ) 
        37         7.582097         0.118067         0.013534  ( 40.254886  23.607469 ) 
        38         7.582097         0.118465         0.013691  ( 40.254886  23.607469 ) 
        39         7.582097         0.118795         0.012530  ( 40.254886  23.607469 ) 
        40         7.582097         0.118215         0.012758  ( 40.254886  23.607469 ) 
        41         7.582097         0.116940         0.014106  ( 40.254886  23.607469 ) 
        42         7.582097         0.118662         0.014966  ( 40.254886  23.607469 ) 
        43         7.582097         0.120240         0.014927  ( 40.254886  23.607469 ) 
        44         7.582097         0.119092         0.016083  ( 40.254886  23.607469 ) 
        45         7.582097         0.116999         0.017475  ( 40.254886  23.607469 ) 
        46         7.582097         0.119443         0.016205  ( 40.254886  23.607469 ) 
        47         7.582097         0.121109         0.016232  ( 40.254886  23.607469 ) 
        48         7.582097         0.121474         0.014621  ( 40.254886  23.607469 ) 
        49         7.582097         0.123048         0.014111  ( 40.254886  23.607469 ) 
        50         7.582097         0.121872         0.014447  ( 40.254886  23.607469 ) 
        51         7.582097         0.123411         0.012356  ( 40.254886  23.607469 ) 
        52         7.582097         0.125787         0.009375  ( 40.254886  23.607469 ) 
        53         7.582097         0.124813         0.013384  ( 40.254886  23.607469 ) 
        54         7.582097         0.122042         0.016304  ( 40.254886  23.607469 ) 
        55         7.582097         0.123230         0.015406  ( 40.254886  23.607469 ) 
        56         7.582097         0.123051         0.014989  ( 40.254886  23.607469 ) 
        57         7.582097         0.124052         0.013318  ( 40.254886  23.607469 ) 
        58         7.582097         0.123304         0.013616  ( 40.254886  23.607469 ) 
        59         7.582097         0.123991         0.012526  ( 40.254886  23.607469 ) 
        60         7.582097         0.121797         0.016045  ( 40.254886  23.607469 ) 
        61         7.582097         0.122822         0.014017  ( 40.254886  23.607469 ) 
        62         7.582097         0.121293         0.014982  ( 40.254886  23.607469 ) 
        63         7.582097         0.123186         0.014510  ( 40.254886  23.607469 ) 
        64         7.582097         0.123845         0.015185  ( 40.254886  23.607469 ) 
        65         7.582097         0.123455         0.016626  ( 40.254886  23.607469 ) 
        66         7.582097         0.123190         0.016466  ( 40.254886  23.607469 ) 
        67         7.582097         0.121590         0.017227  ( 40.254886  23.607469 ) 
        68         7.582097         0.124210         0.013992  ( 40.254886  23.607469 ) 
        69         7.582097         0.124596         0.012609  ( 40.254886  23.607469 ) 
        70         7.582097         0.122311         0.016381  ( 40.254886  23.607469 ) 
        71         7.582097         0.119881         0.019085  ( 40.254886  23.607469 ) 
        72         7.582097         0.120357         0.016508  ( 40.254886  23.607469 ) 
        73         7.582097         0.119456         0.017322  ( 40.254886  23.607469 ) 
        74         7.582097         0.121298         0.015147  ( 40.254886  23.607469 ) 
        75         7.582097         0.120681         0.015893  ( 40.254886  23.607469 ) 
        76         7.582097         0.121334         0.014600  ( 40.254886  23.607469 ) 
        77         7.582097         0.118008         0.016171  ( 40.254886  23.607469 ) 
        78         7.582097         0.119777         0.015524  ( 40.254886  23.607469 ) 
        79         7.582097         0.123473         0.012694  ( 40.254886  23.607469 ) 
        80         7.582097         0.124080         0.012421  ( 40.254886  23.607469 ) 
        81         7.582097         0.122949         0.015382  ( 40.254886  23.607469 ) 
        82         7.582097         0.124120         0.011710  ( 40.254886  23.607469 ) 
        83         7.582097         0.123081         0.012729  ( 40.254886  23.607469 ) 
        84         7.582097         0.121895         0.013851  ( 40.254886  23.607469 ) 
        85         7.582097         0.123387         0.012029  ( 40.254886  23.607469 ) 
        86         7.582097         0.119709         0.016985  ( 40.254886  23.607469 ) 
        87         7.582097         0.118438         0.017526  ( 40.254886  23.607469 ) 
        88         7.582097         0.120786         0.015933  ( 40.254886  23.607469 ) 
        89         7.582097         0.119974         0.015950  ( 40.254886  23.607469 ) 
        90         7.582097         0.120219         0.015393  ( 40.254886  23.607469 ) 
        91         7.582097         0.118396         0.016571  ( 40.254886  23.607469 ) 
        92         7.582097         0.120705         0.015309  ( 40.254886  23.607469 ) 
        93         7.582097         0.118643         0.016550  ( 40.254886  23.607469 ) 
        94         7.582097         0.120803         0.012796  ( 40.254886  23.607469 ) 
        95         7.582097         0.117688         0.017371  ( 40.254886  23.607469 ) 
        96         7.582097         0.118116         0.017960  ( 40.254886  23.607469 ) 
        97         7.582097         0.120404         0.013119  ( 40.254886  23.607469 ) 
        98         7.582097         0.119609         0.014337  ( 40.254886  23.607469 ) 
        99         7.582097         0.118277         0.013853  ( 40.254886  23.607469 ) 
       100         7.582097         0.118528         0.014294  ( 40.254886  23.607469 ) 

Simulation completed

   Best member :

 Gene(0) = 40.254886
 Gene(1) = 23.607469
 Distance = 7.582097

----------------------------------------------------------------
-------------------------EXPERIMENT #2-------------------------
----------------------------------------------------------------

Generation       Best Value          Average           StdDev         Best Genotype

         1         7.674952         0.097156         0.020003  ( 40.237587  23.676817 ) 
         2         7.674952         0.099582         0.019378  ( 40.237587  23.676817 ) 
         3         7.628950         0.101901         0.019202  ( 40.297109  23.602490 ) 
         4         7.617878         0.105765         0.018920  ( 40.247030  23.657117 ) 
         5         7.617878         0.111849         0.016695  ( 40.247030  23.657117 ) 
         6         7.617878         0.115111         0.013670  ( 40.247030  23.657117 ) 
         7         7.617878         0.115915         0.012316  ( 40.247030  23.657117 ) 
         8         7.617878         0.116762         0.013374  ( 40.247030  23.657117 ) 
         9         7.580003         0.116435         0.013205  ( 40.258538  23.622695 ) 
        10         7.580003         0.116958         0.013517  ( 40.258538  23.622695 ) 
        11         7.580003         0.116165         0.014603  ( 40.258538  23.622695 ) 
        12         7.580003         0.116517         0.014906  ( 40.258538  23.622695 ) 
        13         7.580003         0.116273         0.014727  ( 40.258538  23.622695 ) 
        14         7.580003         0.117719         0.013416  ( 40.258538  23.622695 ) 
        15         7.580003         0.118427         0.014285  ( 40.258538  23.622695 ) 
        16         7.580003         0.117771         0.013589  ( 40.258538  23.622695 ) 
        17         7.580003         0.118646         0.013162  ( 40.258538  23.622695 ) 
        18         7.580003         0.118657         0.014294  ( 40.258538  23.622695 ) 
        19         7.580003         0.120085         0.012655  ( 40.258538  23.622695 ) 
        20         7.580003         0.118329         0.013350  ( 40.258538  23.622695 ) 
        21         7.580003         0.117476         0.015559  ( 40.258538  23.622695 ) 
        22         7.580003         0.117691         0.015592  ( 40.258538  23.622695 ) 
        23         7.580003         0.117599         0.016282  ( 40.258538  23.622695 ) 
        24         7.580003         0.116637         0.017184  ( 40.258538  23.622695 ) 
        25         7.580003         0.119580         0.015323  ( 40.258538  23.622695 ) 
        26         7.580003         0.117666         0.015627  ( 40.258538  23.622695 ) 
        27         7.580003         0.116704         0.016597  ( 40.258538  23.622695 ) 
        28         7.580003         0.117671         0.016263  ( 40.258538  23.622695 ) 
        29         7.580003         0.119889         0.014444  ( 40.258538  23.622695 ) 
        30         7.580003         0.119090         0.014177  ( 40.258538  23.622695 ) 
        31         7.580003         0.119941         0.014277  ( 40.258538  23.622695 ) 
        32         7.580003         0.121218         0.014319  ( 40.258538  23.622695 ) 
        33         7.580003         0.122129         0.013574  ( 40.258538  23.622695 ) 
        34         7.580003         0.120565         0.014469  ( 40.258538  23.622695 ) 
        35         7.580003         0.122149         0.011513  ( 40.258538  23.622695 ) 
        36         7.580003         0.121792         0.013051  ( 40.258538  23.622695 ) 
        37         7.580003         0.123950         0.011814  ( 40.258538  23.622695 ) 
        38         7.580003         0.122877         0.013174  ( 40.258538  23.622695 ) 
        39         7.580003         0.119974         0.017060  ( 40.258538  23.622695 ) 
        40         7.580003         0.118998         0.019176  ( 40.258538  23.622695 ) 
        41         7.580003         0.119238         0.018339  ( 40.258538  23.622695 ) 
        42         7.580003         0.120620         0.016861  ( 40.258538  23.622695 ) 
        43         7.580003         0.122515         0.014527  ( 40.258538  23.622695 ) 
        44         7.580003         0.121200         0.015961  ( 40.258538  23.622695 ) 
        45         7.580003         0.122046         0.015056  ( 40.258538  23.622695 ) 
        46         7.580003         0.120223         0.017112  ( 40.258538  23.622695 ) 
        47         7.580003         0.120958         0.016881  ( 40.258538  23.622695 ) 
        48         7.580003         0.119935         0.017807  ( 40.258538  23.622695 ) 
        49         7.580003         0.121404         0.015088  ( 40.258538  23.622695 ) 
        50         7.580003         0.120201         0.017175  ( 40.258538  23.622695 ) 
        51         7.580003         0.117672         0.019285  ( 40.258538  23.622695 ) 
        52         7.580003         0.119635         0.018043  ( 40.258538  23.622695 ) 
        53         7.580003         0.121696         0.016198  ( 40.258538  23.622695 ) 
        54         7.580003         0.121169         0.015140  ( 40.258538  23.622695 ) 
        55         7.580003         0.121593         0.013731  ( 40.258538  23.622695 ) 
        56         7.580003         0.122244         0.014313  ( 40.258538  23.622695 ) 
        57         7.580003         0.121393         0.016835  ( 40.258538  23.622695 ) 
        58         7.580003         0.121521         0.016445  ( 40.258538  23.622695 ) 
        59         7.580003         0.121418         0.016168  ( 40.258538  23.622695 ) 
        60         7.580003         0.121851         0.015214  ( 40.258538  23.622695 ) 
        61         7.580003         0.122519         0.015497  ( 40.258538  23.622695 ) 
        62         7.580003         0.121161         0.017130  ( 40.258538  23.622695 ) 
        63         7.580003         0.120217         0.017542  ( 40.258538  23.622695 ) 
        64         7.580003         0.123198         0.014457  ( 40.258538  23.622695 ) 
        65         7.580003         0.122334         0.013547  ( 40.258538  23.622695 ) 
        66         7.580003         0.124023         0.011229  ( 40.258538  23.622695 ) 
        67         7.580003         0.122639         0.013537  ( 40.258538  23.622695 ) 
        68         7.580003         0.123798         0.011375  ( 40.258538  23.622695 ) 
        69         7.580003         0.124211         0.012752  ( 40.258538  23.622695 ) 
        70         7.580003         0.123028         0.013675  ( 40.258538  23.622695 ) 
        71         7.580003         0.123277         0.011980  ( 40.258538  23.622695 ) 
        72         7.580003         0.123486         0.011594  ( 40.258538  23.622695 ) 
        73         7.580003         0.122553         0.012920  ( 40.258538  23.622695 ) 
        74         7.580003         0.117311         0.018013  ( 40.258538  23.622695 ) 
        75         7.580003         0.121239         0.014089  ( 40.258538  23.622695 ) 
        76         7.580003         0.120431         0.014959  ( 40.258538  23.622695 ) 
        77         7.580003         0.119467         0.015278  ( 40.258538  23.622695 ) 
        78         7.580003         0.120268         0.015070  ( 40.258538  23.622695 ) 
        79         7.580003         0.120571         0.014870  ( 40.258538  23.622695 ) 
        80         7.580003         0.119473         0.017737  ( 40.258538  23.622695 ) 
        81         7.580003         0.119273         0.017121  ( 40.258538  23.622695 ) 
        82         7.580003         0.118196         0.017909  ( 40.258538  23.622695 ) 
        83         7.580003         0.119990         0.016253  ( 40.258538  23.622695 ) 
        84         7.580003         0.121788         0.015114  ( 40.258538  23.622695 ) 
        85         7.580003         0.122213         0.015013  ( 40.258538  23.622695 ) 
        86         7.580003         0.120170         0.017592  ( 40.258538  23.622695 ) 
        87         7.580003         0.120475         0.017482  ( 40.258538  23.622695 ) 
        88         7.580003         0.118573         0.016667  ( 40.258538  23.622695 ) 
        89         7.580003         0.118755         0.014696  ( 40.258538  23.622695 ) 
        90         7.580003         0.119242         0.015330  ( 40.258538  23.622695 ) 
        91         7.580003         0.121173         0.014318  ( 40.258538  23.622695 ) 
        92         7.580003         0.121548         0.014472  ( 40.258538  23.622695 ) 
        93         7.580003         0.123949         0.013452  ( 40.258538  23.622695 ) 
        94         7.580003         0.122957         0.015192  ( 40.258538  23.622695 ) 
        95         7.580003         0.122907         0.015553  ( 40.258538  23.622695 ) 
        96         7.580003         0.123706         0.015935  ( 40.258538  23.622695 ) 
        97         7.580003         0.122693         0.015489  ( 40.258538  23.622695 ) 
        98         7.580003         0.120452         0.016185  ( 40.258538  23.622695 ) 
        99         7.580003         0.122848         0.013385  ( 40.258538  23.622695 ) 
       100         7.580003         0.122948         0.013538  ( 40.258538  23.622695 ) 

Simulation completed

   Best member :

 Gene(0) = 40.258538
 Gene(1) = 23.622695
 Distance = 7.580003

----------------------------------------------------------------
-------------------------EXPERIMENT #3-------------------------
----------------------------------------------------------------

Generation       Best Value          Average           StdDev         Best Genotype

         1         7.731163         0.099369         0.021438  ( 40.246228  23.692621 ) 
         2         7.731163         0.102019         0.019977  ( 40.246228  23.692621 ) 
         3         7.731163         0.109150         0.017539  ( 40.246228  23.692621 ) 
         4         7.621470         0.110716         0.016429  ( 40.246228  23.658777 ) 
         5         7.621470         0.115264         0.014190  ( 40.246228  23.658777 ) 
         6         7.621470         0.115938         0.015259  ( 40.246228  23.658777 ) 
         7         7.589362         0.115885         0.013956  ( 40.276639  23.609922 ) 
         8         7.589362         0.114076         0.016029  ( 40.276639  23.609922 ) 
         9         7.589362         0.115919         0.015325  ( 40.276639  23.609922 ) 
        10         7.585855         0.117016         0.013879  ( 40.246228  23.613025 ) 
        11         7.585855         0.117107         0.014872  ( 40.246228  23.613025 ) 
        12         7.585855         0.117126         0.014334  ( 40.246228  23.613025 ) 
        13         7.585855         0.118177         0.014823  ( 40.246228  23.613025 ) 
        14         7.585553         0.119818         0.013709  ( 40.246228  23.624391 ) 
        15         7.585553         0.120320         0.012182  ( 40.246228  23.624391 ) 
        16         7.585553         0.122755         0.009892  ( 40.246228  23.624391 ) 
        17         7.585553         0.121983         0.012397  ( 40.246228  23.624391 ) 
        18         7.585553         0.120299         0.013895  ( 40.246228  23.624391 ) 
        19         7.585553         0.120479         0.013361  ( 40.246228  23.624391 ) 
        20         7.585553         0.121179         0.011009  ( 40.246228  23.624391 ) 
        21         7.585553         0.121011         0.013110  ( 40.246228  23.624391 ) 
        22         7.585553         0.119480         0.014419  ( 40.246228  23.624391 ) 
        23         7.585553         0.119223         0.014318  ( 40.246228  23.624391 ) 
        24         7.585553         0.120100         0.012522  ( 40.246228  23.624391 ) 
        25         7.585553         0.122846         0.009915  ( 40.246228  23.624391 ) 
        26         7.581795         0.121857         0.011319  ( 40.251733  23.613025 ) 
        27         7.581795         0.123556         0.011905  ( 40.251733  23.613025 ) 
        28         7.581795         0.122147         0.010525  ( 40.251733  23.613025 ) 
        29         7.581795         0.120700         0.013480  ( 40.251733  23.613025 ) 
        30         7.581795         0.119588         0.014543  ( 40.251733  23.613025 ) 
        31         7.581795         0.119644         0.013209  ( 40.251733  23.613025 ) 
        32         7.581795         0.118160         0.016147  ( 40.251733  23.613025 ) 
        33         7.581795         0.120881         0.011296  ( 40.251733  23.613025 ) 
        34         7.581795         0.121656         0.011897  ( 40.251733  23.613025 ) 
        35         7.581795         0.122731         0.010653  ( 40.251733  23.613025 ) 
        36         7.581795         0.122169         0.013225  ( 40.251733  23.613025 ) 
        37         7.580370         0.121283         0.015193  ( 40.253924  23.615623 ) 
        38         7.580370         0.121528         0.014510  ( 40.253924  23.615623 ) 
        39         7.580370         0.120176         0.015038  ( 40.253924  23.615623 ) 
        40         7.580370         0.121276         0.013515  ( 40.253924  23.615623 ) 
        41         7.580370         0.121585         0.012141  ( 40.253924  23.615623 ) 
        42         7.580370         0.121249         0.013391  ( 40.253924  23.615623 ) 
        43         7.580370         0.121252         0.012717  ( 40.253924  23.615623 ) 
        44         7.580370         0.119573         0.012809  ( 40.253924  23.615623 ) 
        45         7.580370         0.120773         0.012714  ( 40.253924  23.615623 ) 
        46         7.580370         0.121950         0.012399  ( 40.253924  23.615623 ) 
        47         7.580370         0.123276         0.012589  ( 40.253924  23.615623 ) 
        48         7.580370         0.121414         0.015045  ( 40.253924  23.615623 ) 
        49         7.580370         0.120769         0.017085  ( 40.253924  23.615623 ) 
        50         7.580370         0.122749         0.015625  ( 40.253924  23.615623 ) 
        51         7.580370         0.123618         0.014556  ( 40.253924  23.615623 ) 
        52         7.580370         0.123543         0.014305  ( 40.253924  23.615623 ) 
        53         7.580370         0.125197         0.013153  ( 40.253924  23.615623 ) 
        54         7.580370         0.124530         0.014626  ( 40.253924  23.615623 ) 
        55         7.580370         0.123228         0.015690  ( 40.253924  23.615623 ) 
        56         7.580370         0.125033         0.012709  ( 40.253924  23.615623 ) 
        57         7.580370         0.122442         0.016149  ( 40.253924  23.615623 ) 
        58         7.580370         0.123587         0.013893  ( 40.253924  23.615623 ) 
        59         7.580370         0.126578         0.010546  ( 40.253924  23.615623 ) 
        60         7.580370         0.126038         0.012812  ( 40.253924  23.615623 ) 
        61         7.580370         0.122420         0.017096  ( 40.253924  23.615623 ) 
        62         7.580370         0.126013         0.010979  ( 40.253924  23.615623 ) 
        63         7.580370         0.125180         0.013151  ( 40.253924  23.615623 ) 
        64         7.580370         0.123455         0.014436  ( 40.253924  23.615623 ) 
        65         7.580370         0.123090         0.014329  ( 40.253924  23.615623 ) 
        66         7.580370         0.123041         0.015280  ( 40.253924  23.615623 ) 
        67         7.580370         0.122377         0.016348  ( 40.253924  23.615623 ) 
        68         7.580370         0.123529         0.014566  ( 40.253924  23.615623 ) 
        69         7.580370         0.123396         0.014276  ( 40.253924  23.615623 ) 
        70         7.580370         0.125332         0.013756  ( 40.253924  23.615623 ) 
        71         7.580370         0.125332         0.014397  ( 40.253924  23.615623 ) 
        72         7.580370         0.125387         0.012217  ( 40.253924  23.615623 ) 
        73         7.580370         0.125462         0.012687  ( 40.253924  23.615623 ) 
        74         7.580370         0.126092         0.012124  ( 40.253924  23.615623 ) 
        75         7.580370         0.122691         0.015795  ( 40.253924  23.615623 ) 
        76         7.580370         0.123262         0.015055  ( 40.253924  23.615623 ) 
        77         7.580370         0.123646         0.014856  ( 40.253924  23.615623 ) 
        78         7.580370         0.121440         0.016575  ( 40.253924  23.615623 ) 
        79         7.580370         0.120634         0.017334  ( 40.253924  23.615623 ) 
        80         7.580370         0.118689         0.018958  ( 40.253924  23.615623 ) 
        81         7.580370         0.120164         0.016294  ( 40.253924  23.615623 ) 
        82         7.580370         0.119845         0.016047  ( 40.253924  23.615623 ) 
        83         7.580370         0.120031         0.018202  ( 40.253924  23.615623 ) 
        84         7.580370         0.120101         0.017817  ( 40.253924  23.615623 ) 
        85         7.580370         0.119085         0.016580  ( 40.253924  23.615623 ) 
        86         7.580370         0.120538         0.015608  ( 40.253924  23.615623 ) 
        87         7.580370         0.119896         0.016424  ( 40.253924  23.615623 ) 
        88         7.580370         0.118608         0.016800  ( 40.253924  23.615623 ) 
        89         7.580370         0.121390         0.012763  ( 40.253924  23.615623 ) 
        90         7.580370         0.120651         0.015038  ( 40.253924  23.615623 ) 
        91         7.580370         0.120734         0.016421  ( 40.253924  23.615623 ) 
        92         7.580370         0.120773         0.016186  ( 40.253924  23.615623 ) 
        93         7.580370         0.117651         0.016534  ( 40.253924  23.615623 ) 
        94         7.580370         0.118677         0.015662  ( 40.253924  23.615623 ) 
        95         7.580370         0.117920         0.017210  ( 40.253924  23.615623 ) 
        96         7.580370         0.115958         0.017540  ( 40.253924  23.615623 ) 
        97         7.580370         0.117383         0.016929  ( 40.253924  23.615623 ) 
        98         7.580370         0.117355         0.016533  ( 40.253924  23.615623 ) 
        99         7.580370         0.119211         0.015218  ( 40.253924  23.615623 ) 
       100         7.580370         0.120069         0.014999  ( 40.253924  23.615623 ) 

Simulation completed

   Best member :

 Gene(0) = 40.253924
 Gene(1) = 23.615623
 Distance = 7.580370

----------------------------------------------------------------
-------------------------EXPERIMENT #4-------------------------
----------------------------------------------------------------

Generation       Best Value          Average           StdDev         Best Genotype

         1         7.596409         0.094386         0.021320  ( 40.236714  23.619123 ) 
         2         7.596409         0.100286         0.020181  ( 40.236714  23.619123 ) 
         3         7.594194         0.105969         0.018626  ( 40.264792  23.589645 ) 
         4         7.594194         0.110113         0.017515  ( 40.264792  23.589645 ) 
         5         7.594194         0.113284         0.015156  ( 40.264792  23.589645 ) 
         6         7.594194         0.114471         0.014659  ( 40.264792  23.589645 ) 
         7         7.594194         0.115542         0.013784  ( 40.264792  23.589645 ) 
         8         7.594194         0.112852         0.016107  ( 40.264792  23.589645 ) 
         9         7.594194         0.116054         0.013988  ( 40.264792  23.589645 ) 
        10         7.594194         0.114788         0.015262  ( 40.264792  23.589645 ) 
        11         7.594194         0.118069         0.011185  ( 40.264792  23.589645 ) 
        12         7.591258         0.118226         0.011173  ( 40.269032  23.594119 ) 
        13         7.591258         0.118063         0.012240  ( 40.269032  23.594119 ) 
        14         7.591258         0.118962         0.009346  ( 40.269032  23.594119 ) 
        15         7.591258         0.121039         0.010139  ( 40.269032  23.594119 ) 
        16         7.591258         0.120281         0.008295  ( 40.269032  23.594119 ) 
        17         7.591258         0.118925         0.009905  ( 40.269032  23.594119 ) 
        18         7.591258         0.119485         0.009581  ( 40.269032  23.594119 ) 
        19         7.591258         0.119974         0.010403  ( 40.269032  23.594119 ) 
        20         7.591258         0.117962         0.012861  ( 40.269032  23.594119 ) 
        21         7.591258         0.117852         0.014662  ( 40.269032  23.594119 ) 
        22         7.591258         0.117533         0.014659  ( 40.269032  23.594119 ) 
        23         7.591258         0.121003         0.010539  ( 40.269032  23.594119 ) 
        24         7.591258         0.121075         0.011187  ( 40.269032  23.594119 ) 
        25         7.591258         0.122862         0.010660  ( 40.269032  23.594119 ) 
        26         7.591258         0.122487         0.010726  ( 40.269032  23.594119 ) 
        27         7.591258         0.122780         0.010953  ( 40.269032  23.594119 ) 
        28         7.591258         0.122654         0.011759  ( 40.269032  23.594119 ) 
        29         7.591258         0.122371         0.012337  ( 40.269032  23.594119 ) 
        30         7.591258         0.122070         0.013256  ( 40.269032  23.594119 ) 
        31         7.591258         0.123781         0.011500  ( 40.269032  23.594119 ) 
        32         7.586976         0.120598         0.014802  ( 40.264489  23.633664 ) 
        33         7.586976         0.119849         0.015309  ( 40.264489  23.633664 ) 
        34         7.586976         0.119089         0.015294  ( 40.264489  23.633664 ) 
        35         7.586976         0.118360         0.015982  ( 40.264489  23.633664 ) 
        36         7.586976         0.117747         0.014591  ( 40.264489  23.633664 ) 
        37         7.586976         0.116200         0.013993  ( 40.264489  23.633664 ) 
        38         7.586976         0.115277         0.015371  ( 40.264489  23.633664 ) 
        39         7.586976         0.115713         0.016001  ( 40.264489  23.633664 ) 
        40         7.586976         0.113965         0.015589  ( 40.264489  23.633664 ) 
        41         7.586976         0.113620         0.015217  ( 40.264489  23.633664 ) 
        42         7.585431         0.114175         0.015812  ( 40.256044  23.633664 ) 
        43         7.585431         0.113605         0.015027  ( 40.256044  23.633664 ) 
        44         7.585431         0.112402         0.015836  ( 40.256044  23.633664 ) 
        45         7.585431         0.113201         0.014774  ( 40.256044  23.633664 ) 
        46         7.585431         0.111419         0.016493  ( 40.256044  23.633664 ) 
        47         7.585431         0.110865         0.016996  ( 40.256044  23.633664 ) 
        48         7.585431         0.111762         0.017119  ( 40.256044  23.633664 ) 
        49         7.585431         0.114163         0.016293  ( 40.256044  23.633664 ) 
        50         7.585431         0.113583         0.018244  ( 40.256044  23.633664 ) 
        51         7.585431         0.114517         0.017612  ( 40.256044  23.633664 ) 
        52         7.585431         0.113019         0.019640  ( 40.256044  23.633664 ) 
        53         7.585431         0.114357         0.017166  ( 40.256044  23.633664 ) 
        54         7.585431         0.114798         0.016385  ( 40.256044  23.633664 ) 
        55         7.585431         0.117535         0.014834  ( 40.256044  23.633664 ) 
        56         7.585431         0.118966         0.013163  ( 40.256044  23.633664 ) 
        57         7.585431         0.119873         0.013341  ( 40.256044  23.633664 ) 
        58         7.585431         0.120551         0.013569  ( 40.256044  23.633664 ) 
        59         7.585431         0.119485         0.015767  ( 40.256044  23.633664 ) 
        60         7.585431         0.119520         0.015700  ( 40.256044  23.633664 ) 
        61         7.585431         0.120387         0.015489  ( 40.256044  23.633664 ) 
        62         7.585431         0.121265         0.013648  ( 40.256044  23.633664 ) 
        63         7.585431         0.122621         0.012641  ( 40.256044  23.633664 ) 
        64         7.585431         0.121867         0.011576  ( 40.256044  23.633664 ) 
        65         7.585431         0.123157         0.010550  ( 40.256044  23.633664 ) 
        66         7.585431         0.122130         0.010830  ( 40.256044  23.633664 ) 
        67         7.585431         0.120336         0.012263  ( 40.256044  23.633664 ) 
        68         7.585431         0.120301         0.013247  ( 40.256044  23.633664 ) 
        69         7.585431         0.119764         0.014843  ( 40.256044  23.633664 ) 
        70         7.585431         0.119576         0.016321  ( 40.256044  23.633664 ) 
        71         7.585431         0.121598         0.014000  ( 40.256044  23.633664 ) 
        72         7.585431         0.120597         0.013559  ( 40.256044  23.633664 ) 
        73         7.585431         0.121433         0.013558  ( 40.256044  23.633664 ) 
        74         7.585431         0.123249         0.011523  ( 40.256044  23.633664 ) 
        75         7.585431         0.121145         0.014563  ( 40.256044  23.633664 ) 
        76         7.585431         0.121792         0.015282  ( 40.256044  23.633664 ) 
        77         7.585431         0.121413         0.014514  ( 40.256044  23.633664 ) 
        78         7.585431         0.122624         0.014098  ( 40.256044  23.633664 ) 
        79         7.585431         0.122495         0.013436  ( 40.256044  23.633664 ) 
        80         7.585431         0.122884         0.012071  ( 40.256044  23.633664 ) 
        81         7.585431         0.122630         0.012399  ( 40.256044  23.633664 ) 
        82         7.585431         0.121762         0.013736  ( 40.256044  23.633664 ) 
        83         7.585431         0.121562         0.012438  ( 40.256044  23.633664 ) 
        84         7.585431         0.122506         0.010345  ( 40.256044  23.633664 ) 
        85         7.585431         0.121942         0.011631  ( 40.256044  23.633664 ) 
        86         7.585431         0.121694         0.012229  ( 40.256044  23.633664 ) 
        87         7.585431         0.121928         0.013394  ( 40.256044  23.633664 ) 
        88         7.585431         0.119251         0.015256  ( 40.256044  23.633664 ) 
        89         7.585431         0.121975         0.013267  ( 40.256044  23.633664 ) 
        90         7.585431         0.122090         0.013049  ( 40.256044  23.633664 ) 
        91         7.585431         0.121895         0.012884  ( 40.256044  23.633664 ) 
        92         7.585431         0.123445         0.010145  ( 40.256044  23.633664 ) 
        93         7.585431         0.121952         0.011663  ( 40.256044  23.633664 ) 
        94         7.585431         0.121099         0.013410  ( 40.256044  23.633664 ) 
        95         7.585431         0.121924         0.013390  ( 40.256044  23.633664 ) 
        96         7.585431         0.123804         0.009806  ( 40.256044  23.633664 ) 
        97         7.585431         0.123877         0.010690  ( 40.256044  23.633664 ) 
        98         7.585431         0.123421         0.012225  ( 40.256044  23.633664 ) 
        99         7.585431         0.124285         0.007536  ( 40.256044  23.633664 ) 
       100         7.585431         0.123469         0.010708  ( 40.256044  23.633664 ) 

Simulation completed

   Best member :

 Gene(0) = 40.256044
 Gene(1) = 23.633664
 Distance = 7.585431

----------------------------------------------------------------
-------------------------EXPERIMENT #5-------------------------
----------------------------------------------------------------

Generation       Best Value          Average           StdDev         Best Genotype

         1         7.586594         0.100601         0.020683  ( 40.268088  23.630380 ) 
         2         7.586594         0.106004         0.017727  ( 40.268088  23.630380 ) 
         3         7.586594         0.106178         0.016948  ( 40.268088  23.630380 ) 
         4         7.586594         0.108433         0.016826  ( 40.268088  23.630380 ) 
         5         7.586594         0.109577         0.017949  ( 40.268088  23.630380 ) 
         6         7.586594         0.110365         0.017682  ( 40.268088  23.630380 ) 
         7         7.586594         0.114726         0.014962  ( 40.268088  23.630380 ) 
         8         7.586594         0.115236         0.015919  ( 40.268088  23.630380 ) 
         9         7.586594         0.117173         0.013299  ( 40.268088  23.630380 ) 
        10         7.586594         0.116616         0.014852  ( 40.268088  23.630380 ) 
        11         7.586594         0.117905         0.015665  ( 40.268088  23.630380 ) 
        12         7.586594         0.119785         0.012351  ( 40.268088  23.630380 ) 
        13         7.586594         0.120409         0.011661  ( 40.268088  23.630380 ) 
        14         7.586594         0.120645         0.010695  ( 40.268088  23.630380 ) 
        15         7.586594         0.121080         0.011301  ( 40.268088  23.630380 ) 
        16         7.586594         0.123797         0.009321  ( 40.268088  23.630380 ) 
        17         7.586594         0.123164         0.010840  ( 40.268088  23.630380 ) 
        18         7.586594         0.122147         0.013153  ( 40.268088  23.630380 ) 
        19         7.586594         0.121066         0.015020  ( 40.268088  23.630380 ) 
        20         7.586594         0.120284         0.016278  ( 40.268088  23.630380 ) 
        21         7.586594         0.120913         0.015996  ( 40.268088  23.630380 ) 
        22         7.586594         0.119692         0.017090  ( 40.268088  23.630380 ) 
        23         7.586594         0.122940         0.013509  ( 40.268088  23.630380 ) 
        24         7.586594         0.121648         0.015214  ( 40.268088  23.630380 ) 
        25         7.586594         0.122798         0.012204  ( 40.268088  23.630380 ) 
        26         7.586594         0.123447         0.011490  ( 40.268088  23.630380 ) 
        27         7.586594         0.123605         0.012529  ( 40.268088  23.630380 ) 
        28         7.586594         0.123598         0.013321  ( 40.268088  23.630380 ) 
        29         7.586594         0.124401         0.012652  ( 40.268088  23.630380 ) 
        30         7.586594         0.123278         0.013347  ( 40.268088  23.630380 ) 
        31         7.586594         0.123759         0.011190  ( 40.268088  23.630380 ) 
        32         7.586594         0.121472         0.013546  ( 40.268088  23.630380 ) 
        33         7.586594         0.121520         0.013732  ( 40.268088  23.630380 ) 
        34         7.586594         0.120740         0.013575  ( 40.268088  23.630380 ) 
        35         7.586594         0.117620         0.017356  ( 40.268088  23.630380 ) 
        36         7.586594         0.119316         0.015667  ( 40.268088  23.630380 ) 
        37         7.586594         0.120628         0.014891  ( 40.268088  23.630380 ) 
        38         7.586594         0.122029         0.013968  ( 40.268088  23.630380 ) 
        39         7.586594         0.122064         0.014267  ( 40.268088  23.630380 ) 
        40         7.586594         0.120701         0.013528  ( 40.268088  23.630380 ) 
        41         7.586594         0.122842         0.012252  ( 40.268088  23.630380 ) 
        42         7.586594         0.122567         0.012358  ( 40.268088  23.630380 ) 
        43         7.586594         0.123099         0.011848  ( 40.268088  23.630380 ) 
        44         7.586594         0.123804         0.011379  ( 40.268088  23.630380 ) 
        45         7.586594         0.123890         0.011553  ( 40.268088  23.630380 ) 
        46         7.586594         0.122510         0.014226  ( 40.268088  23.630380 ) 
        47         7.579903         0.120347         0.014702  ( 40.255332  23.619448 ) 
        48         7.579903         0.121643         0.014012  ( 40.255332  23.619448 ) 
        49         7.579903         0.122278         0.014763  ( 40.255332  23.619448 ) 
        50         7.579903         0.121757         0.013749  ( 40.255332  23.619448 ) 
        51         7.579903         0.121973         0.014353  ( 40.255332  23.619448 ) 
        52         7.579903         0.124356         0.010507  ( 40.255332  23.619448 ) 
        53         7.579903         0.122705         0.012759  ( 40.255332  23.619448 ) 
        54         7.579903         0.121866         0.014423  ( 40.255332  23.619448 ) 
        55         7.579903         0.121100         0.015835  ( 40.255332  23.619448 ) 
        56         7.579903         0.121769         0.015293  ( 40.255332  23.619448 ) 
        57         7.579903         0.123413         0.011928  ( 40.255332  23.619448 ) 
        58         7.579903         0.125466         0.007410  ( 40.255332  23.619448 ) 
        59         7.579903         0.122009         0.013933  ( 40.255332  23.619448 ) 
        60         7.579903         0.122723         0.012835  ( 40.255332  23.619448 ) 
        61         7.579903         0.122885         0.012669  ( 40.255332  23.619448 ) 
        62         7.579903         0.122722         0.011280  ( 40.255332  23.619448 ) 
        63         7.579903         0.121606         0.013973  ( 40.255332  23.619448 ) 
        64         7.579903         0.122161         0.011786  ( 40.255332  23.619448 ) 
        65         7.579903         0.121109         0.013897  ( 40.255332  23.619448 ) 
        66         7.579903         0.119644         0.014619  ( 40.255332  23.619448 ) 
        67         7.579903         0.119744         0.015106  ( 40.255332  23.619448 ) 
        68         7.579903         0.119101         0.015208  ( 40.255332  23.619448 ) 
        69         7.579903         0.120728         0.012920  ( 40.255332  23.619448 ) 
        70         7.579903         0.120727         0.012590  ( 40.255332  23.619448 ) 
        71         7.579903         0.120568         0.013437  ( 40.255332  23.619448 ) 
        72         7.579903         0.119463         0.014745  ( 40.255332  23.619448 ) 
        73         7.579903         0.121173         0.013054  ( 40.255332  23.619448 ) 
        74         7.579903         0.123117         0.011981  ( 40.255332  23.619448 ) 
        75         7.579903         0.123434         0.012538  ( 40.255332  23.619448 ) 
        76         7.579903         0.121818         0.014751  ( 40.255332  23.619448 ) 
        77         7.579903         0.121054         0.015801  ( 40.255332  23.619448 ) 
        78         7.579903         0.119866         0.016678  ( 40.255332  23.619448 ) 
        79         7.579903         0.120623         0.015483  ( 40.255332  23.619448 ) 
        80         7.579903         0.121257         0.015507  ( 40.255332  23.619448 ) 
        81         7.579903         0.120193         0.016549  ( 40.255332  23.619448 ) 
        82         7.579903         0.120297         0.017384  ( 40.255332  23.619448 ) 
        83         7.579903         0.122375         0.014614  ( 40.255332  23.619448 ) 
        84         7.579903         0.123106         0.012901  ( 40.255332  23.619448 ) 
        85         7.579903         0.120413         0.015128  ( 40.255332  23.619448 ) 
        86         7.579903         0.120755         0.013969  ( 40.255332  23.619448 ) 
        87         7.579903         0.122214         0.012465  ( 40.255332  23.619448 ) 
        88         7.579903         0.120070         0.015400  ( 40.255332  23.619448 ) 
        89         7.579903         0.120220         0.014006  ( 40.255332  23.619448 ) 
        90         7.579903         0.121840         0.013104  ( 40.255332  23.619448 ) 
        91         7.579903         0.120086         0.015512  ( 40.255332  23.619448 ) 
        92         7.579903         0.120274         0.016695  ( 40.255332  23.619448 ) 
        93         7.579903         0.119658         0.016731  ( 40.255332  23.619448 ) 
        94         7.579903         0.121931         0.014318  ( 40.255332  23.619448 ) 
        95         7.579903         0.119149         0.017620  ( 40.255332  23.619448 ) 
        96         7.579903         0.118785         0.017017  ( 40.255332  23.619448 ) 
        97         7.579903         0.115176         0.020300  ( 40.255332  23.619448 ) 
        98         7.579903         0.117422         0.018979  ( 40.255332  23.619448 ) 
        99         7.579903         0.115420         0.019483  ( 40.255332  23.619448 ) 
       100         7.579903         0.117843         0.016688  ( 40.255332  23.619448 ) 

Simulation completed

   Best member :

 Gene(0) = 40.255332
 Gene(1) = 23.619448
 Distance = 7.579903

----------------------------------------------------------------
-------------------------EXPERIMENT #6-------------------------
----------------------------------------------------------------

Generation       Best Value          Average           StdDev         Best Genotype

         1         7.666500         0.101772         0.020301  ( 40.309741  23.625473 ) 
         2         7.663160         0.107306         0.018567  ( 40.216173  23.657009 ) 
         3         7.624965         0.108783         0.016745  ( 40.295239  23.625473 ) 
         4         7.624965         0.109273         0.016405  ( 40.295239  23.625473 ) 
         5         7.624965         0.109165         0.016146  ( 40.295239  23.625473 ) 
         6         7.624965         0.107520         0.018174  ( 40.295239  23.625473 ) 
         7         7.624965         0.108598         0.015527  ( 40.295239  23.625473 ) 
         8         7.584264         0.109165         0.013614  ( 40.268640  23.625473 ) 
         9         7.584264         0.112250         0.012412  ( 40.268640  23.625473 ) 
        10         7.584264         0.110596         0.012843  ( 40.268640  23.625473 ) 
        11         7.584264         0.110149         0.013831  ( 40.268640  23.625473 ) 
        12         7.584264         0.111592         0.013399  ( 40.268640  23.625473 ) 
        13         7.584264         0.111996         0.013165  ( 40.268640  23.625473 ) 
        14         7.584264         0.111316         0.012676  ( 40.268640  23.625473 ) 
        15         7.584264         0.112872         0.013612  ( 40.268640  23.625473 ) 
        16         7.584264         0.112191         0.015581  ( 40.268640  23.625473 ) 
        17         7.584264         0.110973         0.016009  ( 40.268640  23.625473 ) 
        18         7.584264         0.110837         0.017344  ( 40.268640  23.625473 ) 
        19         7.584264         0.112295         0.016413  ( 40.268640  23.625473 ) 
        20         7.584264         0.114700         0.014077  ( 40.268640  23.625473 ) 
        21         7.583391         0.115582         0.013103  ( 40.267233  23.625473 ) 
        22         7.583391         0.115004         0.014466  ( 40.267233  23.625473 ) 
        23         7.583391         0.117578         0.012058  ( 40.267233  23.625473 ) 
        24         7.583391         0.117813         0.010152  ( 40.267233  23.625473 ) 
        25         7.583391         0.116663         0.012747  ( 40.267233  23.625473 ) 
        26         7.583391         0.114689         0.014523  ( 40.267233  23.625473 ) 
        27         7.583391         0.113695         0.016065  ( 40.267233  23.625473 ) 
        28         7.583391         0.115844         0.014667  ( 40.267233  23.625473 ) 
        29         7.583391         0.115891         0.013642  ( 40.267233  23.625473 ) 
        30         7.583391         0.116191         0.013595  ( 40.267233  23.625473 ) 
        31         7.583391         0.115996         0.014040  ( 40.267233  23.625473 ) 
        32         7.583391         0.113161         0.015005  ( 40.267233  23.625473 ) 
        33         7.583391         0.114347         0.014880  ( 40.267233  23.625473 ) 
        34         7.583391         0.113424         0.016217  ( 40.267233  23.625473 ) 
        35         7.583391         0.112870         0.016668  ( 40.267233  23.625473 ) 
        36         7.583391         0.111928         0.016162  ( 40.267233  23.625473 ) 
        37         7.583391         0.111808         0.016982  ( 40.267233  23.625473 ) 
        38         7.583391         0.113391         0.016674  ( 40.267233  23.625473 ) 
        39         7.583391         0.115612         0.014809  ( 40.267233  23.625473 ) 
        40         7.583391         0.115171         0.013955  ( 40.267233  23.625473 ) 
        41         7.583391         0.116597         0.012679  ( 40.267233  23.625473 ) 
        42         7.583391         0.116083         0.012982  ( 40.267233  23.625473 ) 
        43         7.580922         0.115930         0.014976  ( 40.257095  23.625473 ) 
        44         7.580922         0.115944         0.015518  ( 40.257095  23.625473 ) 
        45         7.580922         0.117240         0.015459  ( 40.257095  23.625473 ) 
        46         7.580922         0.120282         0.012991  ( 40.257095  23.625473 ) 
        47         7.580922         0.117189         0.016155  ( 40.257095  23.625473 ) 
        48         7.580922         0.118640         0.015646  ( 40.257095  23.625473 ) 
        49         7.580922         0.117856         0.016394  ( 40.257095  23.625473 ) 
        50         7.580922         0.118926         0.015686  ( 40.257095  23.625473 ) 
        51         7.580922         0.118326         0.014891  ( 40.257095  23.625473 ) 
        52         7.580922         0.117995         0.015065  ( 40.257095  23.625473 ) 
        53         7.580922         0.116916         0.016327  ( 40.257095  23.625473 ) 
        54         7.580922         0.115265         0.016321  ( 40.257095  23.625473 ) 
        55         7.580922         0.115632         0.016546  ( 40.257095  23.625473 ) 
        56         7.580922         0.113708         0.018185  ( 40.257095  23.625473 ) 
        57         7.580922         0.113909         0.017521  ( 40.257095  23.625473 ) 
        58         7.580922         0.113971         0.017961  ( 40.257095  23.625473 ) 
        59         7.580922         0.116419         0.015081  ( 40.257095  23.625473 ) 
        60         7.580922         0.116629         0.014449  ( 40.257095  23.625473 ) 
        61         7.580922         0.116472         0.014172  ( 40.257095  23.625473 ) 
        62         7.580922         0.117342         0.013368  ( 40.257095  23.625473 ) 
        63         7.580922         0.118463         0.011786  ( 40.257095  23.625473 ) 
        64         7.580922         0.118371         0.013007  ( 40.257095  23.625473 ) 
        65         7.580862         0.117609         0.014212  ( 40.258521  23.625473 ) 
        66         7.580862         0.117456         0.013747  ( 40.258521  23.625473 ) 
        67         7.580862         0.118625         0.013685  ( 40.258521  23.625473 ) 
        68         7.580862         0.117477         0.013558  ( 40.258521  23.625473 ) 
        69         7.580862         0.118318         0.013948  ( 40.258521  23.625473 ) 
        70         7.580862         0.118207         0.012408  ( 40.258521  23.625473 ) 
        71         7.580862         0.118035         0.012761  ( 40.258521  23.625473 ) 
        72         7.580862         0.118703         0.010859  ( 40.258521  23.625473 ) 
        73         7.580862         0.117036         0.013307  ( 40.258521  23.625473 ) 
        74         7.580862         0.117757         0.013073  ( 40.258521  23.625473 ) 
        75         7.580862         0.117578         0.011852  ( 40.258521  23.625473 ) 
        76         7.580862         0.118353         0.012480  ( 40.258521  23.625473 ) 
        77         7.580862         0.117449         0.014147  ( 40.258521  23.625473 ) 
        78         7.580862         0.117466         0.015383  ( 40.258521  23.625473 ) 
        79         7.580862         0.117544         0.015045  ( 40.258521  23.625473 ) 
        80         7.580862         0.118051         0.015377  ( 40.258521  23.625473 ) 
        81         7.580862         0.119303         0.014943  ( 40.258521  23.625473 ) 
        82         7.580862         0.118591         0.017720  ( 40.258521  23.625473 ) 
        83         7.580862         0.119928         0.015890  ( 40.258521  23.625473 ) 
        84         7.580862         0.122553         0.013049  ( 40.258521  23.625473 ) 
        85         7.580862         0.122441         0.012069  ( 40.258521  23.625473 ) 
        86         7.580862         0.122148         0.011676  ( 40.258521  23.625473 ) 
        87         7.580862         0.119982         0.014440  ( 40.258521  23.625473 ) 
        88         7.580862         0.121613         0.012578  ( 40.258521  23.625473 ) 
        89         7.580862         0.121562         0.013220  ( 40.258521  23.625473 ) 
        90         7.580862         0.123793         0.011111  ( 40.258521  23.625473 ) 
        91         7.580862         0.122377         0.014299  ( 40.258521  23.625473 ) 
        92         7.580862         0.121659         0.014367  ( 40.258521  23.625473 ) 
        93         7.580862         0.120465         0.015696  ( 40.258521  23.625473 ) 
        94         7.580862         0.122827         0.011658  ( 40.258521  23.625473 ) 
        95         7.580862         0.120834         0.012399  ( 40.258521  23.625473 ) 
        96         7.580862         0.119995         0.013885  ( 40.258521  23.625473 ) 
        97         7.580862         0.118323         0.013473  ( 40.258521  23.625473 ) 
        98         7.580862         0.117834         0.015342  ( 40.258521  23.625473 ) 
        99         7.580862         0.117010         0.015392  ( 40.258521  23.625473 ) 
       100         7.579369         0.116873         0.017159  ( 40.258521  23.614974 ) 

Simulation completed

   Best member :

 Gene(0) = 40.258521
 Gene(1) = 23.614974
 Distance = 7.579369

----------------------------------------------------------------
-------------------------EXPERIMENT #7-------------------------
----------------------------------------------------------------

Generation       Best Value          Average           StdDev         Best Genotype

         1         7.596972         0.096408         0.021266  ( 40.236305  23.620025 ) 
         2         7.581858         0.101085         0.020220  ( 40.252535  23.624968 ) 
         3         7.580921         0.104510         0.017225  ( 40.252535  23.620025 ) 
         4         7.580921         0.104108         0.018024  ( 40.252535  23.620025 ) 
         5         7.580921         0.107552         0.018203  ( 40.252535  23.620025 ) 
         6         7.580921         0.108700         0.015964  ( 40.252535  23.620025 ) 
         7         7.580921         0.108809         0.015656  ( 40.252535  23.620025 ) 
         8         7.580921         0.110612         0.013483  ( 40.252535  23.620025 ) 
         9         7.580921         0.112865         0.013848  ( 40.252535  23.620025 ) 
        10         7.580921         0.113314         0.013860  ( 40.252535  23.620025 ) 
        11         7.580921         0.113838         0.014864  ( 40.252535  23.620025 ) 
        12         7.580921         0.114378         0.015579  ( 40.252535  23.620025 ) 
        13         7.580921         0.114191         0.016480  ( 40.252535  23.620025 ) 
        14         7.580921         0.114289         0.016653  ( 40.252535  23.620025 ) 
        15         7.580921         0.114789         0.015468  ( 40.252535  23.620025 ) 
        16         7.580921         0.115951         0.015006  ( 40.252535  23.620025 ) 
        17         7.580921         0.117779         0.014671  ( 40.252535  23.620025 ) 
        18         7.580921         0.115778         0.015180  ( 40.252535  23.620025 ) 
        19         7.580921         0.115221         0.016310  ( 40.252535  23.620025 ) 
        20         7.580921         0.116694         0.015577  ( 40.252535  23.620025 ) 
        21         7.580921         0.115514         0.017049  ( 40.252535  23.620025 ) 
        22         7.580921         0.116637         0.015795  ( 40.252535  23.620025 ) 
        23         7.580921         0.119405         0.014677  ( 40.252535  23.620025 ) 
        24         7.580921         0.118703         0.015104  ( 40.252535  23.620025 ) 
        25         7.580921         0.117509         0.013195  ( 40.252535  23.620025 ) 
        26         7.580921         0.117596         0.013533  ( 40.252535  23.620025 ) 
        27         7.580921         0.117090         0.016385  ( 40.252535  23.620025 ) 
        28         7.580921         0.118884         0.014740  ( 40.252535  23.620025 ) 
        29         7.580921         0.118365         0.016678  ( 40.252535  23.620025 ) 
        30         7.580921         0.117737         0.017570  ( 40.252535  23.620025 ) 
        31         7.580921         0.121251         0.014732  ( 40.252535  23.620025 ) 
        32         7.580921         0.122154         0.012669  ( 40.252535  23.620025 ) 
        33         7.580921         0.121891         0.014635  ( 40.252535  23.620025 ) 
        34         7.580921         0.122550         0.013310  ( 40.252535  23.620025 ) 
        35         7.580921         0.123370         0.012766  ( 40.252535  23.620025 ) 
        36         7.580921         0.122445         0.014223  ( 40.252535  23.620025 ) 
        37         7.580921         0.123206         0.012855  ( 40.252535  23.620025 ) 
        38         7.580921         0.123562         0.013261  ( 40.252535  23.620025 ) 
        39         7.580921         0.122541         0.016175  ( 40.252535  23.620025 ) 
        40         7.580921         0.121632         0.016656  ( 40.252535  23.620025 ) 
        41         7.580921         0.120773         0.015496  ( 40.252535  23.620025 ) 
        42         7.580921         0.121587         0.015570  ( 40.252535  23.620025 ) 
        43         7.580921         0.120606         0.015509  ( 40.252535  23.620025 ) 
        44         7.580921         0.119661         0.017649  ( 40.252535  23.620025 ) 
        45         7.580921         0.121668         0.016282  ( 40.252535  23.620025 ) 
        46         7.580921         0.122611         0.013479  ( 40.252535  23.620025 ) 
        47         7.580921         0.120583         0.014884  ( 40.252535  23.620025 ) 
        48         7.580921         0.123436         0.011942  ( 40.252535  23.620025 ) 
        49         7.580921         0.121033         0.015806  ( 40.252535  23.620025 ) 
        50         7.579979         0.123002         0.015493  ( 40.256205  23.621504 ) 
        51         7.579979         0.122889         0.016014  ( 40.256205  23.621504 ) 
        52         7.579979         0.122470         0.016289  ( 40.256205  23.621504 ) 
        53         7.579979         0.123603         0.014319  ( 40.256205  23.621504 ) 
        54         7.579979         0.123728         0.014073  ( 40.256205  23.621504 ) 
        55         7.579979         0.123640         0.014330  ( 40.256205  23.621504 ) 
        56         7.579979         0.124778         0.012163  ( 40.256205  23.621504 ) 
        57         7.579979         0.125015         0.013014  ( 40.256205  23.621504 ) 
        58         7.579979         0.122747         0.014884  ( 40.256205  23.621504 ) 
        59         7.579979         0.119983         0.017223  ( 40.256205  23.621504 ) 
        60         7.579979         0.119315         0.019341  ( 40.256205  23.621504 ) 
        61         7.579979         0.122044         0.016013  ( 40.256205  23.621504 ) 
        62         7.579979         0.121491         0.014373  ( 40.256205  23.621504 ) 
        63         7.579979         0.121857         0.014139  ( 40.256205  23.621504 ) 
        64         7.579979         0.119404         0.016038  ( 40.256205  23.621504 ) 
        65         7.579979         0.120462         0.014401  ( 40.256205  23.621504 ) 
        66         7.579979         0.118820         0.015758  ( 40.256205  23.621504 ) 
        67         7.579979         0.121157         0.013014  ( 40.256205  23.621504 ) 
        68         7.579979         0.120194         0.014850  ( 40.256205  23.621504 ) 
        69         7.579979         0.120168         0.014992  ( 40.256205  23.621504 ) 
        70         7.579979         0.121920         0.013488  ( 40.256205  23.621504 ) 
        71         7.579979         0.123872         0.010712  ( 40.256205  23.621504 ) 
        72         7.579979         0.123862         0.012708  ( 40.256205  23.621504 ) 
        73         7.579979         0.122670         0.012790  ( 40.256205  23.621504 ) 
        74         7.579979         0.120910         0.015714  ( 40.256205  23.621504 ) 
        75         7.579979         0.122174         0.013721  ( 40.256205  23.621504 ) 
        76         7.579979         0.118673         0.016806  ( 40.256205  23.621504 ) 
        77         7.579979         0.119103         0.015981  ( 40.256205  23.621504 ) 
        78         7.579979         0.116433         0.020055  ( 40.256205  23.621504 ) 
        79         7.579979         0.119874         0.017395  ( 40.256205  23.621504 ) 
        80         7.579979         0.119843         0.016054  ( 40.256205  23.621504 ) 
        81         7.579979         0.118777         0.015213  ( 40.256205  23.621504 ) 
        82         7.579979         0.118246         0.017364  ( 40.256205  23.621504 ) 
        83         7.579979         0.122407         0.009703  ( 40.256205  23.621504 ) 
        84         7.579979         0.120899         0.012009  ( 40.256205  23.621504 ) 
        85         7.579979         0.120051         0.013793  ( 40.256205  23.621504 ) 
        86         7.579979         0.120373         0.013006  ( 40.256205  23.621504 ) 
        87         7.579979         0.121320         0.011706  ( 40.256205  23.621504 ) 
        88         7.579979         0.122329         0.009191  ( 40.256205  23.621504 ) 
        89         7.579979         0.121079         0.012033  ( 40.256205  23.621504 ) 
        90         7.579979         0.120749         0.012442  ( 40.256205  23.621504 ) 
        91         7.579979         0.121618         0.011413  ( 40.256205  23.621504 ) 
        92         7.579979         0.118846         0.013679  ( 40.256205  23.621504 ) 
        93         7.579979         0.120264         0.014701  ( 40.256205  23.621504 ) 
        94         7.579979         0.120339         0.015099  ( 40.256205  23.621504 ) 
        95         7.579979         0.121534         0.012075  ( 40.256205  23.621504 ) 
        96         7.579979         0.120230         0.011776  ( 40.256205  23.621504 ) 
        97         7.579979         0.118782         0.012462  ( 40.256205  23.621504 ) 
        98         7.579979         0.117948         0.013794  ( 40.256205  23.621504 ) 
        99         7.579979         0.116944         0.014332  ( 40.256205  23.621504 ) 
       100         7.579979         0.114661         0.017378  ( 40.256205  23.621504 ) 

Simulation completed

   Best member :

 Gene(0) = 40.256205
 Gene(1) = 23.621504
 Distance = 7.579979

----------------------------------------------------------------
-------------------------EXPERIMENT #8-------------------------
----------------------------------------------------------------

Generation       Best Value          Average           StdDev         Best Genotype

         1         7.635358         0.093752         0.020789  ( 40.231940  23.583114 ) 
         2         7.635358         0.100767         0.020484  ( 40.231940  23.583114 ) 
         3         7.635358         0.105566         0.018437  ( 40.231940  23.583114 ) 
         4         7.606811         0.110988         0.016359  ( 40.275196  23.583114 ) 
         5         7.606811         0.112845         0.015531  ( 40.275196  23.583114 ) 
         6         7.606811         0.115321         0.016181  ( 40.275196  23.583114 ) 
         7         7.606811         0.116711         0.015991  ( 40.275196  23.583114 ) 
         8         7.599616         0.116782         0.016244  ( 40.276354  23.636767 ) 
         9         7.599616         0.115151         0.016273  ( 40.276354  23.636767 ) 
        10         7.599616         0.114427         0.016736  ( 40.276354  23.636767 ) 
        11         7.599616         0.116845         0.015926  ( 40.276354  23.636767 ) 
        12         7.599616         0.117494         0.015783  ( 40.276354  23.636767 ) 
        13         7.599616         0.117293         0.015600  ( 40.276354  23.636767 ) 
        14         7.599616         0.121072         0.012191  ( 40.276354  23.636767 ) 
        15         7.599616         0.119825         0.011902  ( 40.276354  23.636767 ) 
        16         7.599616         0.119484         0.012236  ( 40.276354  23.636767 ) 
        17         7.599616         0.118559         0.013669  ( 40.276354  23.636767 ) 
        18         7.599616         0.117255         0.014900  ( 40.276354  23.636767 ) 
        19         7.599616         0.117456         0.013108  ( 40.276354  23.636767 ) 
        20         7.599616         0.117295         0.013762  ( 40.276354  23.636767 ) 
        21         7.599616         0.117992         0.013465  ( 40.276354  23.636767 ) 
        22         7.584171         0.118834         0.011407  ( 40.257737  23.601840 ) 
        23         7.584171         0.117893         0.013756  ( 40.257737  23.601840 ) 
        24         7.584171         0.119467         0.012078  ( 40.257737  23.601840 ) 
        25         7.584171         0.117791         0.016536  ( 40.257737  23.601840 ) 
        26         7.584171         0.122998         0.013906  ( 40.257737  23.601840 ) 
        27         7.584171         0.123726         0.011783  ( 40.257737  23.601840 ) 
        28         7.584171         0.122597         0.013280  ( 40.257737  23.601840 ) 
        29         7.584171         0.122790         0.013489  ( 40.257737  23.601840 ) 
        30         7.584171         0.122814         0.011069  ( 40.257737  23.601840 ) 
        31         7.584171         0.118867         0.014566  ( 40.257737  23.601840 ) 
        32         7.584171         0.118478         0.016070  ( 40.257737  23.601840 ) 
        33         7.584171         0.119749         0.015078  ( 40.257737  23.601840 ) 
        34         7.584171         0.118749         0.014803  ( 40.257737  23.601840 ) 
        35         7.584171         0.118321         0.015165  ( 40.257737  23.601840 ) 
        36         7.584171         0.118632         0.013989  ( 40.257737  23.601840 ) 
        37         7.584171         0.118924         0.015474  ( 40.257737  23.601840 ) 
        38         7.584171         0.120056         0.012691  ( 40.257737  23.601840 ) 
        39         7.584171         0.120636         0.012482  ( 40.257737  23.601840 ) 
        40         7.584171         0.119579         0.013430  ( 40.257737  23.601840 ) 
        41         7.584171         0.119366         0.013530  ( 40.257737  23.601840 ) 
        42         7.584171         0.120711         0.012464  ( 40.257737  23.601840 ) 
        43         7.584171         0.120308         0.012310  ( 40.257737  23.601840 ) 
        44         7.584171         0.118998         0.013717  ( 40.257737  23.601840 ) 
        45         7.584171         0.120557         0.012399  ( 40.257737  23.601840 ) 
        46         7.584171         0.120869         0.011961  ( 40.257737  23.601840 ) 
        47         7.584171         0.122055         0.011699  ( 40.257737  23.601840 ) 
        48         7.584171         0.123078         0.010435  ( 40.257737  23.601840 ) 
        49         7.584171         0.122797         0.010448  ( 40.257737  23.601840 ) 
        50         7.584171         0.122017         0.013581  ( 40.257737  23.601840 ) 
        51         7.584171         0.118296         0.016635  ( 40.257737  23.601840 ) 
        52         7.584171         0.120164         0.014166  ( 40.257737  23.601840 ) 
        53         7.584171         0.117146         0.016361  ( 40.257737  23.601840 ) 
        54         7.584171         0.116713         0.015240  ( 40.257737  23.601840 ) 
        55         7.584171         0.115757         0.016645  ( 40.257737  23.601840 ) 
        56         7.584171         0.117381         0.015235  ( 40.257737  23.601840 ) 
        57         7.584171         0.119622         0.011698  ( 40.257737  23.601840 ) 
        58         7.584171         0.118967         0.012371  ( 40.257737  23.601840 ) 
        59         7.584171         0.118254         0.013601  ( 40.257737  23.601840 ) 
        60         7.584171         0.120438         0.011585  ( 40.257737  23.601840 ) 
        61         7.584171         0.118379         0.014018  ( 40.257737  23.601840 ) 
        62         7.584171         0.117005         0.015119  ( 40.257737  23.601840 ) 
        63         7.584171         0.117481         0.013848  ( 40.257737  23.601840 ) 
        64         7.584171         0.117312         0.016281  ( 40.257737  23.601840 ) 
        65         7.584171         0.119672         0.014397  ( 40.257737  23.601840 ) 
        66         7.584171         0.118991         0.014406  ( 40.257737  23.601840 ) 
        67         7.584171         0.117946         0.014976  ( 40.257737  23.601840 ) 
        68         7.584171         0.117742         0.013038  ( 40.257737  23.601840 ) 
        69         7.584171         0.116025         0.013910  ( 40.257737  23.601840 ) 
        70         7.584171         0.115734         0.016202  ( 40.257737  23.601840 ) 
        71         7.584171         0.115048         0.018946  ( 40.257737  23.601840 ) 
        72         7.584171         0.115835         0.017381  ( 40.257737  23.601840 ) 
        73         7.584171         0.117532         0.017491  ( 40.257737  23.601840 ) 
        74         7.584171         0.120019         0.015543  ( 40.257737  23.601840 ) 
        75         7.584171         0.122549         0.012952  ( 40.257737  23.601840 ) 
        76         7.584171         0.121654         0.015005  ( 40.257737  23.601840 ) 
        77         7.584171         0.122674         0.011274  ( 40.257737  23.601840 ) 
        78         7.584171         0.123367         0.011039  ( 40.257737  23.601840 ) 
        79         7.584171         0.123008         0.012270  ( 40.257737  23.601840 ) 
        80         7.584171         0.121061         0.013852  ( 40.257737  23.601840 ) 
        81         7.584171         0.121420         0.013081  ( 40.257737  23.601840 ) 
        82         7.584171         0.120928         0.013273  ( 40.257737  23.601840 ) 
        83         7.584171         0.119684         0.014126  ( 40.257737  23.601840 ) 
        84         7.584171         0.122417         0.012028  ( 40.257737  23.601840 ) 
        85         7.584171         0.123086         0.012175  ( 40.257737  23.601840 ) 
        86         7.584171         0.121624         0.013936  ( 40.257737  23.601840 ) 
        87         7.584171         0.118936         0.015917  ( 40.257737  23.601840 ) 
        88         7.584171         0.119230         0.016255  ( 40.257737  23.601840 ) 
        89         7.584171         0.120884         0.013776  ( 40.257737  23.601840 ) 
        90         7.584171         0.121988         0.011947  ( 40.257737  23.601840 ) 
        91         7.584171         0.123197         0.010084  ( 40.257737  23.601840 ) 
        92         7.584171         0.122927         0.010753  ( 40.257737  23.601840 ) 
        93         7.584171         0.123337         0.013137  ( 40.257737  23.601840 ) 
        94         7.584171         0.122272         0.015331  ( 40.257737  23.601840 ) 
        95         7.584171         0.123165         0.015008  ( 40.257737  23.601840 ) 
        96         7.584171         0.123137         0.014057  ( 40.257737  23.601840 ) 
        97         7.584171         0.124557         0.012493  ( 40.257737  23.601840 ) 
        98         7.584171         0.121810         0.016134  ( 40.257737  23.601840 ) 
        99         7.584171         0.122705         0.014644  ( 40.257737  23.601840 ) 
       100         7.584171         0.124257         0.014637  ( 40.257737  23.601840 ) 

Simulation completed

   Best member :

 Gene(0) = 40.257737
 Gene(1) = 23.601840
 Distance = 7.584171

----------------------------------------------------------------
-------------------------EXPERIMENT #9-------------------------
----------------------------------------------------------------

Generation       Best Value          Average           StdDev         Best Genotype

         1         7.648989         0.099454         0.020654  ( 40.213910  23.626231 ) 
         2         7.648989         0.102612         0.021162  ( 40.213910  23.626231 ) 
         3         7.648989         0.106103         0.021127  ( 40.213910  23.626231 ) 
         4         7.640115         0.108301         0.020710  ( 40.227183  23.586830 ) 
         5         7.640115         0.112962         0.016838  ( 40.227183  23.586830 ) 
         6         7.640115         0.113024         0.015598  ( 40.227183  23.586830 ) 
         7         7.640115         0.113255         0.016536  ( 40.227183  23.586830 ) 
         8         7.640115         0.113223         0.014779  ( 40.227183  23.586830 ) 
         9         7.640115         0.113183         0.014522  ( 40.227183  23.586830 ) 
        10         7.617844         0.112168         0.016027  ( 40.256258  23.657730 ) 
        11         7.599618         0.114591         0.015425  ( 40.253728  23.587335 ) 
        12         7.599618         0.115227         0.016907  ( 40.253728  23.587335 ) 
        13         7.599618         0.119068         0.011651  ( 40.253728  23.587335 ) 
        14         7.595607         0.119494         0.012358  ( 40.259233  23.588634 ) 
        15         7.595607         0.120215         0.011921  ( 40.259233  23.588634 ) 
        16         7.595607         0.118713         0.014001  ( 40.259233  23.588634 ) 
        17         7.595607         0.122197         0.010773  ( 40.259233  23.588634 ) 
        18         7.595607         0.122818         0.011243  ( 40.259233  23.588634 ) 
        19         7.595607         0.123960         0.009496  ( 40.259233  23.588634 ) 
        20         7.595607         0.122474         0.012245  ( 40.259233  23.588634 ) 
        21         7.595607         0.122798         0.010367  ( 40.259233  23.588634 ) 
        22         7.595607         0.121152         0.013635  ( 40.259233  23.588634 ) 
        23         7.595607         0.122258         0.012518  ( 40.259233  23.588634 ) 
        24         7.595607         0.122763         0.012756  ( 40.259233  23.588634 ) 
        25         7.595607         0.122192         0.014986  ( 40.259233  23.588634 ) 
        26         7.595607         0.123943         0.012705  ( 40.259233  23.588634 ) 
        27         7.595607         0.124396         0.011204  ( 40.259233  23.588634 ) 
        28         7.595607         0.125094         0.008500  ( 40.259233  23.588634 ) 
        29         7.595607         0.124250         0.009370  ( 40.259233  23.588634 ) 
        30         7.595607         0.124566         0.009982  ( 40.259233  23.588634 ) 
        31         7.595607         0.125498         0.009157  ( 40.259233  23.588634 ) 
        32         7.595607         0.124946         0.008941  ( 40.259233  23.588634 ) 
        33         7.595607         0.122899         0.012075  ( 40.259233  23.588634 ) 
        34         7.595607         0.122964         0.012213  ( 40.259233  23.588634 ) 
        35         7.595607         0.123520         0.012386  ( 40.259233  23.588634 ) 
        36         7.595607         0.123772         0.012025  ( 40.259233  23.588634 ) 
        37         7.595607         0.121871         0.013687  ( 40.259233  23.588634 ) 
        38         7.595607         0.122528         0.012696  ( 40.259233  23.588634 ) 
        39         7.595607         0.122470         0.012662  ( 40.259233  23.588634 ) 
        40         7.595607         0.123082         0.010577  ( 40.259233  23.588634 ) 
        41         7.584002         0.124181         0.010617  ( 40.253728  23.604582 ) 
        42         7.584002         0.122663         0.011596  ( 40.253728  23.604582 ) 
        43         7.584002         0.124388         0.010129  ( 40.253728  23.604582 ) 
        44         7.584002         0.124008         0.011590  ( 40.253728  23.604582 ) 
        45         7.584002         0.124363         0.012194  ( 40.253728  23.604582 ) 
        46         7.584002         0.123491         0.012707  ( 40.253728  23.604582 ) 
        47         7.584002         0.124221         0.013116  ( 40.253728  23.604582 ) 
        48         7.584002         0.124500         0.012313  ( 40.253728  23.604582 ) 
        49         7.584002         0.123412         0.011754  ( 40.253728  23.604582 ) 
        50         7.584002         0.122882         0.011949  ( 40.253728  23.604582 ) 
        51         7.584002         0.123100         0.011819  ( 40.253728  23.604582 ) 
        52         7.584002         0.122121         0.012543  ( 40.253728  23.604582 ) 
        53         7.584002         0.124086         0.010841  ( 40.253728  23.604582 ) 
        54         7.584002         0.121899         0.014123  ( 40.253728  23.604582 ) 
        55         7.584002         0.120697         0.015292  ( 40.253728  23.604582 ) 
        56         7.584002         0.118818         0.016840  ( 40.253728  23.604582 ) 
        57         7.584002         0.123480         0.010783  ( 40.253728  23.604582 ) 
        58         7.582379         0.125308         0.008671  ( 40.262690  23.604582 ) 
        59         7.582379         0.124573         0.010277  ( 40.262690  23.604582 ) 
        60         7.582379         0.124208         0.010096  ( 40.262690  23.604582 ) 
        61         7.582379         0.125727         0.008706  ( 40.262690  23.604582 ) 
        62         7.580548         0.124621         0.011873  ( 40.262690  23.622839 ) 
        63         7.580548         0.126495         0.007069  ( 40.262690  23.622839 ) 
        64         7.580548         0.125480         0.010929  ( 40.262690  23.622839 ) 
        65         7.580548         0.124825         0.010726  ( 40.262690  23.622839 ) 
        66         7.580548         0.125769         0.008762  ( 40.262690  23.622839 ) 
        67         7.580548         0.125498         0.010112  ( 40.262690  23.622839 ) 
        68         7.580548         0.123673         0.012636  ( 40.262690  23.622839 ) 
        69         7.580548         0.123004         0.013036  ( 40.262690  23.622839 ) 
        70         7.579640         0.121794         0.014274  ( 40.262690  23.617572 ) 
        71         7.579640         0.122050         0.013186  ( 40.262690  23.617572 ) 
        72         7.579640         0.122684         0.012881  ( 40.262690  23.617572 ) 
        73         7.579640         0.123550         0.012349  ( 40.262690  23.617572 ) 
        74         7.579640         0.122256         0.013905  ( 40.262690  23.617572 ) 
        75         7.579640         0.122237         0.012410  ( 40.262690  23.617572 ) 
        76         7.579640         0.121823         0.012734  ( 40.262690  23.617572 ) 
        77         7.579640         0.122295         0.012621  ( 40.262690  23.617572 ) 
        78         7.579640         0.122684         0.013463  ( 40.262690  23.617572 ) 
        79         7.579640         0.121812         0.012945  ( 40.262690  23.617572 ) 
        80         7.579640         0.121512         0.014010  ( 40.262690  23.617572 ) 
        81         7.579640         0.122948         0.012965  ( 40.262690  23.617572 ) 
        82         7.579640         0.122608         0.013619  ( 40.262690  23.617572 ) 
        83         7.579640         0.120842         0.015342  ( 40.262690  23.617572 ) 
        84         7.579640         0.119838         0.013447  ( 40.262690  23.617572 ) 
        85         7.579640         0.121192         0.013305  ( 40.262690  23.617572 ) 
        86         7.579640         0.122101         0.013106  ( 40.262690  23.617572 ) 
        87         7.579640         0.121765         0.013989  ( 40.262690  23.617572 ) 
        88         7.579640         0.120081         0.015143  ( 40.262690  23.617572 ) 
        89         7.579640         0.120575         0.015002  ( 40.262690  23.617572 ) 
        90         7.579640         0.120148         0.014683  ( 40.262690  23.617572 ) 
        91         7.579640         0.118695         0.015000  ( 40.262690  23.617572 ) 
        92         7.579640         0.118117         0.016566  ( 40.262690  23.617572 ) 
        93         7.579640         0.120293         0.014706  ( 40.262690  23.617572 ) 
        94         7.579640         0.119017         0.015954  ( 40.262690  23.617572 ) 
        95         7.579640         0.121270         0.014430  ( 40.262690  23.617572 ) 
        96         7.579640         0.118059         0.016573  ( 40.262690  23.617572 ) 
        97         7.579640         0.118397         0.015613  ( 40.262690  23.617572 ) 
        98         7.579640         0.118070         0.016523  ( 40.262690  23.617572 ) 
        99         7.579640         0.120996         0.012608  ( 40.262690  23.617572 ) 
       100         7.579640         0.122064         0.012159  ( 40.262690  23.617572 ) 

Simulation completed

   Best member :

 Gene(0) = 40.262690
 Gene(1) = 23.617572
 Distance = 7.579640

----------------------------------------------------------------
-------------------------EXPERIMENT #10-------------------------
----------------------------------------------------------------

Generation       Best Value          Average           StdDev         Best Genotype

         1         7.592359         0.098059         0.023096  ( 40.273094  23.595995 ) 
         2         7.592359         0.104778         0.021328  ( 40.273094  23.595995 ) 
         3         7.592359         0.104095         0.021024  ( 40.273094  23.595995 ) 
         4         7.592359         0.106965         0.018984  ( 40.273094  23.595995 ) 
         5         7.592359         0.110229         0.019710  ( 40.273094  23.595995 ) 
         6         7.592359         0.111313         0.018877  ( 40.273094  23.595995 ) 
         7         7.590780         0.113259         0.017071  ( 40.252802  23.595995 ) 
         8         7.590780         0.115323         0.015715  ( 40.252802  23.595995 ) 
         9         7.590780         0.116785         0.016077  ( 40.252802  23.595995 ) 
        10         7.590780         0.117452         0.013102  ( 40.252802  23.595995 ) 
        11         7.590780         0.116036         0.015127  ( 40.252802  23.595995 ) 
        12         7.590780         0.117342         0.015002  ( 40.252802  23.595995 ) 
        13         7.590780         0.117986         0.016612  ( 40.252802  23.595995 ) 
        14         7.590780         0.115655         0.017746  ( 40.252802  23.595995 ) 
        15         7.588996         0.116089         0.017433  ( 40.267357  23.595995 ) 
        16         7.588996         0.116200         0.015725  ( 40.267357  23.595995 ) 
        17         7.588996         0.118078         0.014857  ( 40.267357  23.595995 ) 
        18         7.588996         0.121177         0.011676  ( 40.267357  23.595995 ) 
        19         7.588996         0.122232         0.011714  ( 40.267357  23.595995 ) 
        20         7.588996         0.120557         0.014707  ( 40.267357  23.595995 ) 
        21         7.588996         0.118524         0.016826  ( 40.267357  23.595995 ) 
        22         7.588996         0.118726         0.014127  ( 40.267357  23.595995 ) 
        23         7.588934         0.119268         0.013272  ( 40.256543  23.595995 ) 
        24         7.588934         0.118989         0.013492  ( 40.256543  23.595995 ) 
        25         7.588934         0.118643         0.014032  ( 40.256543  23.595995 ) 
        26         7.588934         0.116564         0.015540  ( 40.256543  23.595995 ) 
        27         7.588934         0.115602         0.016833  ( 40.256543  23.595995 ) 
        28         7.588934         0.114939         0.017512  ( 40.256543  23.595995 ) 
        29         7.588934         0.118111         0.012497  ( 40.256543  23.595995 ) 
        30         7.588934         0.117379         0.012787  ( 40.256543  23.595995 ) 
        31         7.588934         0.118182         0.009484  ( 40.256543  23.595995 ) 
        32         7.588934         0.117664         0.011253  ( 40.256543  23.595995 ) 
        33         7.588934         0.119695         0.011401  ( 40.256543  23.595995 ) 
        34         7.588934         0.118049         0.013726  ( 40.256543  23.595995 ) 
        35         7.588934         0.118655         0.010921  ( 40.256543  23.595995 ) 
        36         7.588934         0.119443         0.011011  ( 40.256543  23.595995 ) 
        37         7.588934         0.120260         0.010444  ( 40.256543  23.595995 ) 
        38         7.588934         0.119587         0.012826  ( 40.256543  23.595995 ) 
        39         7.588934         0.118236         0.014519  ( 40.256543  23.595995 ) 
        40         7.588934         0.120167         0.011892  ( 40.256543  23.595995 ) 
        41         7.588934         0.119081         0.014390  ( 40.256543  23.595995 ) 
        42         7.588934         0.119811         0.014332  ( 40.256543  23.595995 ) 
        43         7.588934         0.117025         0.016582  ( 40.256543  23.595995 ) 
        44         7.588934         0.119667         0.014353  ( 40.256543  23.595995 ) 
        45         7.588599         0.119062         0.013789  ( 40.273130  23.602057 ) 
        46         7.585539         0.121278         0.011927  ( 40.253693  23.602057 ) 
        47         7.585003         0.120628         0.012019  ( 40.254833  23.602057 ) 
        48         7.585003         0.120288         0.014167  ( 40.254833  23.602057 ) 
        49         7.585003         0.119395         0.012701  ( 40.254833  23.602057 ) 
        50         7.585003         0.121912         0.011629  ( 40.254833  23.602057 ) 
        51         7.585003         0.120817         0.012513  ( 40.254833  23.602057 ) 
        52         7.585003         0.119155         0.012218  ( 40.254833  23.602057 ) 
        53         7.585003         0.119892         0.013086  ( 40.254833  23.602057 ) 
        54         7.585003         0.116704         0.016124  ( 40.254833  23.602057 ) 
        55         7.585003         0.116490         0.016608  ( 40.254833  23.602057 ) 
        56         7.585003         0.118532         0.013649  ( 40.254833  23.602057 ) 
        57         7.585003         0.119801         0.012308  ( 40.254833  23.602057 ) 
        58         7.585003         0.120201         0.012630  ( 40.254833  23.602057 ) 
        59         7.585003         0.122910         0.010709  ( 40.254833  23.602057 ) 
        60         7.585003         0.124724         0.009794  ( 40.254833  23.602057 ) 
        61         7.585003         0.123052         0.013845  ( 40.254833  23.602057 ) 
        62         7.585003         0.121947         0.017062  ( 40.254833  23.602057 ) 
        63         7.585003         0.125548         0.011279  ( 40.254833  23.602057 ) 
        64         7.585003         0.123727         0.013560  ( 40.254833  23.602057 ) 
        65         7.585003         0.124435         0.011136  ( 40.254833  23.602057 ) 
        66         7.585003         0.124659         0.011161  ( 40.254833  23.602057 ) 
        67         7.585003         0.122734         0.014333  ( 40.254833  23.602057 ) 
        68         7.585003         0.121759         0.015310  ( 40.254833  23.602057 ) 
        69         7.585003         0.123706         0.012844  ( 40.254833  23.602057 ) 
        70         7.585003         0.123015         0.012883  ( 40.254833  23.602057 ) 
        71         7.585003         0.122949         0.014752  ( 40.254833  23.602057 ) 
        72         7.585003         0.124610         0.013287  ( 40.254833  23.602057 ) 
        73         7.585003         0.126730         0.010339  ( 40.254833  23.602057 ) 
        74         7.585003         0.125546         0.012466  ( 40.254833  23.602057 ) 
        75         7.585003         0.126304         0.010606  ( 40.254833  23.602057 ) 
        76         7.585003         0.126828         0.010679  ( 40.254833  23.602057 ) 
        77         7.585003         0.125436         0.011486  ( 40.254833  23.602057 ) 
        78         7.585003         0.125452         0.010516  ( 40.254833  23.602057 ) 
        79         7.585003         0.125854         0.011471  ( 40.254833  23.602057 ) 
        80         7.585003         0.126683         0.010298  ( 40.254833  23.602057 ) 
        81         7.585003         0.125969         0.010202  ( 40.254833  23.602057 ) 
        82         7.585003         0.125645         0.011452  ( 40.254833  23.602057 ) 
        83         7.585003         0.125568         0.009665  ( 40.254833  23.602057 ) 
        84         7.585003         0.124246         0.011748  ( 40.254833  23.602057 ) 
        85         7.585003         0.123315         0.013303  ( 40.254833  23.602057 ) 
        86         7.585003         0.122129         0.014905  ( 40.254833  23.602057 ) 
        87         7.585003         0.123667         0.012563  ( 40.254833  23.602057 ) 
        88         7.585003         0.123597         0.012539  ( 40.254833  23.602057 ) 
        89         7.583709         0.122128         0.016746  ( 40.262636  23.602057 ) 
        90         7.583709         0.122895         0.013896  ( 40.262636  23.602057 ) 
        91         7.583709         0.124258         0.014223  ( 40.262636  23.602057 ) 
        92         7.583709         0.122110         0.016500  ( 40.262636  23.602057 ) 
        93         7.583709         0.121030         0.016328  ( 40.262636  23.602057 ) 
        94         7.583709         0.121143         0.015904  ( 40.262636  23.602057 ) 
        95         7.583709         0.121585         0.016735  ( 40.262636  23.602057 ) 
        96         7.583709         0.123471         0.014808  ( 40.262636  23.602057 ) 
        97         7.583709         0.124986         0.013124  ( 40.262636  23.602057 ) 
        98         7.583709         0.126072         0.011658  ( 40.262636  23.602057 ) 
        99         7.583709         0.125026         0.012823  ( 40.262636  23.602057 ) 
       100         7.583709         0.127070         0.008560  ( 40.262636  23.602057 ) 

Simulation completed

   Best member :

 Gene(0) = 40.262636
 Gene(1) = 23.602057
 Distance = 7.583709

