----------------------------------------------------------------
-------------------------EXPERIMENT #1-------------------------
----------------------------------------------------------------

Generation       Best Value          Average           StdDev         Best Genotype

         1         2.780992         0.280121         0.041134  ( 40.362072  23.481657 ) 
         2         2.780992         0.275986         0.039825  ( 40.362072  23.481657 ) 
         3         2.780992         0.277532         0.043261  ( 40.362072  23.481657 ) 
         4         2.780992         0.278858         0.042401  ( 40.362072  23.481657 ) 
         5         2.780992         0.278227         0.041200  ( 40.362072  23.481657 ) 
         6         2.780992         0.289542         0.039765  ( 40.362072  23.481657 ) 
         7         2.780992         0.297703         0.039339  ( 40.362072  23.481657 ) 
         8         2.780992         0.311057         0.035946  ( 40.362072  23.481657 ) 
         9         2.780992         0.319312         0.034522  ( 40.362072  23.481657 ) 
        10         2.780992         0.321304         0.033266  ( 40.362072  23.481657 ) 
        11         2.780992         0.321162         0.037830  ( 40.362072  23.481657 ) 
        12         2.780992         0.323450         0.036515  ( 40.362072  23.481657 ) 
        13         2.780938         0.321548         0.031588  ( 40.362400  23.481657 ) 
        14         2.780938         0.322849         0.031190  ( 40.362400  23.481657 ) 
        15         2.780938         0.318948         0.036448  ( 40.362400  23.481657 ) 
        16         2.780938         0.312283         0.035969  ( 40.362400  23.481657 ) 
        17         2.780938         0.314309         0.041163  ( 40.362400  23.481657 ) 
        18         2.780897         0.319774         0.044887  ( 40.362400  23.483374 ) 
        19         2.780897         0.316503         0.038159  ( 40.362400  23.483374 ) 
        20         2.780897         0.318950         0.033620  ( 40.362400  23.483374 ) 
        21         2.780897         0.312252         0.042725  ( 40.362400  23.483374 ) 
        22         2.780897         0.313812         0.039865  ( 40.362400  23.483374 ) 
        23         2.780897         0.311700         0.043879  ( 40.362400  23.483374 ) 
        24         2.780897         0.307798         0.049099  ( 40.362400  23.483374 ) 
        25         2.780897         0.306023         0.052569  ( 40.362400  23.483374 ) 
        26         2.780897         0.306388         0.046714  ( 40.362400  23.483374 ) 
        27         2.780897         0.313766         0.038817  ( 40.362400  23.483374 ) 
        28         2.780897         0.311494         0.041216  ( 40.362400  23.483374 ) 
        29         2.780897         0.309170         0.036632  ( 40.362400  23.483374 ) 
        30         2.780897         0.307908         0.036968  ( 40.362400  23.483374 ) 
        31         2.780897         0.302614         0.034784  ( 40.362400  23.483374 ) 
        32         2.780897         0.303250         0.041581  ( 40.362400  23.483374 ) 
        33         2.780897         0.308453         0.037954  ( 40.362400  23.483374 ) 
        34         2.780897         0.305733         0.035493  ( 40.362400  23.483374 ) 
        35         2.780897         0.309880         0.027165  ( 40.362400  23.483374 ) 
        36         2.780897         0.307369         0.034701  ( 40.362400  23.483374 ) 
        37         2.780897         0.310470         0.033344  ( 40.362400  23.483374 ) 
        38         2.780897         0.309756         0.035543  ( 40.362400  23.483374 ) 
        39         2.780897         0.315852         0.033782  ( 40.362400  23.483374 ) 
        40         2.780897         0.313773         0.031614  ( 40.362400  23.483374 ) 
        41         2.780897         0.312070         0.032930  ( 40.362400  23.483374 ) 
        42         2.780897         0.308146         0.035984  ( 40.362400  23.483374 ) 
        43         2.780897         0.306408         0.038639  ( 40.362400  23.483374 ) 
        44         2.780897         0.311848         0.038141  ( 40.362400  23.483374 ) 
        45         2.780897         0.310297         0.036616  ( 40.362400  23.483374 ) 
        46         2.780897         0.322027         0.034631  ( 40.362400  23.483374 ) 
        47         2.780897         0.312690         0.043063  ( 40.362400  23.483374 ) 
        48         2.780897         0.304356         0.042962  ( 40.362400  23.483374 ) 
        49         2.780897         0.304817         0.039589  ( 40.362400  23.483374 ) 
        50         2.780897         0.299056         0.046406  ( 40.362400  23.483374 ) 
        51         2.780897         0.311752         0.047281  ( 40.362400  23.483374 ) 
        52         2.780897         0.326193         0.030376  ( 40.362400  23.483374 ) 
        53         2.780897         0.329095         0.032708  ( 40.362400  23.483374 ) 
        54         2.780897         0.326436         0.035747  ( 40.362400  23.483374 ) 
        55         2.780897         0.326423         0.031504  ( 40.362400  23.483374 ) 
        56         2.780897         0.322460         0.036178  ( 40.362400  23.483374 ) 
        57         2.780897         0.328217         0.034713  ( 40.362400  23.483374 ) 
        58         2.780897         0.327121         0.039160  ( 40.362400  23.483374 ) 
        59         2.780897         0.326157         0.038920  ( 40.362400  23.483374 ) 
        60         2.780897         0.334201         0.030425  ( 40.362400  23.483374 ) 
        61         2.780897         0.323223         0.043111  ( 40.362400  23.483374 ) 
        62         2.780897         0.316578         0.044849  ( 40.362400  23.483374 ) 
        63         2.780897         0.323706         0.040322  ( 40.362400  23.483374 ) 
        64         2.780897         0.328475         0.042462  ( 40.362400  23.483374 ) 
        65         2.780897         0.322967         0.042936  ( 40.362400  23.483374 ) 
        66         2.780897         0.322341         0.036858  ( 40.362400  23.483374 ) 
        67         2.780897         0.320400         0.036467  ( 40.362400  23.483374 ) 
        68         2.780897         0.318216         0.045181  ( 40.362400  23.483374 ) 
        69         2.780897         0.322078         0.041113  ( 40.362400  23.483374 ) 
        70         2.780897         0.324103         0.036879  ( 40.362400  23.483374 ) 
        71         2.780897         0.322274         0.042037  ( 40.362400  23.483374 ) 
        72         2.780897         0.313685         0.046423  ( 40.362400  23.483374 ) 
        73         2.780897         0.315529         0.045861  ( 40.362400  23.483374 ) 
        74         2.780897         0.323354         0.045237  ( 40.362400  23.483374 ) 
        75         2.780897         0.320640         0.048271  ( 40.362400  23.483374 ) 
        76         2.780897         0.329316         0.035864  ( 40.362400  23.483374 ) 
        77         2.780897         0.313477         0.052276  ( 40.362400  23.483374 ) 
        78         2.780897         0.309870         0.052335  ( 40.362400  23.483374 ) 
        79         2.780897         0.304468         0.054233  ( 40.362400  23.483374 ) 
        80         2.780897         0.306783         0.047223  ( 40.362400  23.483374 ) 
        81         2.780897         0.306397         0.045429  ( 40.362400  23.483374 ) 
        82         2.780897         0.310768         0.050337  ( 40.362400  23.483374 ) 
        83         2.780897         0.303773         0.048114  ( 40.362400  23.483374 ) 
        84         2.780897         0.302421         0.053717  ( 40.362400  23.483374 ) 
        85         2.780897         0.302087         0.047123  ( 40.362400  23.483374 ) 
        86         2.780897         0.310059         0.042903  ( 40.362400  23.483374 ) 
        87         2.780897         0.310559         0.037737  ( 40.362400  23.483374 ) 
        88         2.780897         0.311680         0.037715  ( 40.362400  23.483374 ) 
        89         2.780897         0.310478         0.037757  ( 40.362400  23.483374 ) 
        90         2.780897         0.304068         0.042412  ( 40.362400  23.483374 ) 
        91         2.780897         0.312816         0.043866  ( 40.362400  23.483374 ) 
        92         2.780897         0.318119         0.042854  ( 40.362400  23.483374 ) 
        93         2.780897         0.330975         0.039563  ( 40.362400  23.483374 ) 
        94         2.780897         0.327680         0.043138  ( 40.362400  23.483374 ) 
        95         2.780897         0.322581         0.046513  ( 40.362400  23.483374 ) 
        96         2.780897         0.323619         0.048823  ( 40.362400  23.483374 ) 
        97         2.780897         0.331965         0.044970  ( 40.362400  23.483374 ) 
        98         2.780897         0.322504         0.048981  ( 40.362400  23.483374 ) 
        99         2.780897         0.328460         0.041138  ( 40.362400  23.483374 ) 
       100         2.780897         0.329284         0.035424  ( 40.362400  23.483374 ) 

Simulation completed

   Best member :

 Gene(0) = 40.362400
 Gene(1) = 23.483374
 Distance = 2.780897

----------------------------------------------------------------
-------------------------EXPERIMENT #2-------------------------
----------------------------------------------------------------

Generation       Best Value          Average           StdDev         Best Genotype

         1         2.832951         0.273932         0.047278  ( 40.395460  23.541019 ) 
         2         2.832951         0.276599         0.049188  ( 40.395460  23.541019 ) 
         3         2.832951         0.291788         0.042661  ( 40.395460  23.541019 ) 
         4         2.822417         0.301146         0.030660  ( 40.395460  23.454801 ) 
         5         2.822417         0.302321         0.029098  ( 40.395460  23.454801 ) 
         6         2.822417         0.298661         0.042082  ( 40.395460  23.454801 ) 
         7         2.822010         0.296021         0.042663  ( 40.327771  23.507343 ) 
         8         2.787696         0.303540         0.043812  ( 40.369042  23.507343 ) 
         9         2.787696         0.315145         0.039307  ( 40.369042  23.507343 ) 
        10         2.787696         0.321597         0.032916  ( 40.369042  23.507343 ) 
        11         2.787696         0.322086         0.031074  ( 40.369042  23.507343 ) 
        12         2.787696         0.320044         0.034444  ( 40.369042  23.507343 ) 
        13         2.787696         0.318353         0.040637  ( 40.369042  23.507343 ) 
        14         2.787696         0.310521         0.047930  ( 40.369042  23.507343 ) 
        15         2.787696         0.312140         0.044810  ( 40.369042  23.507343 ) 
        16         2.787696         0.324554         0.031912  ( 40.369042  23.507343 ) 
        17         2.787696         0.316143         0.039745  ( 40.369042  23.507343 ) 
        18         2.787696         0.323825         0.035254  ( 40.369042  23.507343 ) 
        19         2.787696         0.317102         0.039271  ( 40.369042  23.507343 ) 
        20         2.787696         0.320493         0.036484  ( 40.369042  23.507343 ) 
        21         2.787696         0.310863         0.045536  ( 40.369042  23.507343 ) 
        22         2.787696         0.303909         0.048215  ( 40.369042  23.507343 ) 
        23         2.787696         0.303759         0.042037  ( 40.369042  23.507343 ) 
        24         2.783850         0.305352         0.042314  ( 40.359642  23.497512 ) 
        25         2.783850         0.299313         0.044529  ( 40.359642  23.497512 ) 
        26         2.783850         0.297874         0.050885  ( 40.359642  23.497512 ) 
        27         2.783850         0.310905         0.039739  ( 40.359642  23.497512 ) 
        28         2.783850         0.316651         0.039893  ( 40.359642  23.497512 ) 
        29         2.783850         0.314349         0.042530  ( 40.359642  23.497512 ) 
        30         2.783850         0.309290         0.049659  ( 40.359642  23.497512 ) 
        31         2.783850         0.305385         0.048476  ( 40.359642  23.497512 ) 
        32         2.783850         0.301595         0.046587  ( 40.359642  23.497512 ) 
        33         2.783850         0.310830         0.046053  ( 40.359642  23.497512 ) 
        34         2.783850         0.317300         0.036443  ( 40.359642  23.497512 ) 
        35         2.783850         0.323976         0.031004  ( 40.359642  23.497512 ) 
        36         2.783850         0.325721         0.030316  ( 40.359642  23.497512 ) 
        37         2.783850         0.325415         0.034348  ( 40.359642  23.497512 ) 
        38         2.783850         0.319149         0.043094  ( 40.359642  23.497512 ) 
        39         2.783850         0.311306         0.046308  ( 40.359642  23.497512 ) 
        40         2.783850         0.309052         0.047436  ( 40.359642  23.497512 ) 
        41         2.783850         0.313037         0.048649  ( 40.359642  23.497512 ) 
        42         2.783850         0.315590         0.045685  ( 40.359642  23.497512 ) 
        43         2.783850         0.319423         0.040090  ( 40.359642  23.497512 ) 
        44         2.783850         0.320859         0.041277  ( 40.359642  23.497512 ) 
        45         2.783850         0.322785         0.043372  ( 40.359642  23.497512 ) 
        46         2.782258         0.322818         0.046649  ( 40.361505  23.493529 ) 
        47         2.782258         0.316167         0.050307  ( 40.361505  23.493529 ) 
        48         2.782258         0.322301         0.043004  ( 40.361505  23.493529 ) 
        49         2.782258         0.328618         0.030426  ( 40.361505  23.493529 ) 
        50         2.782258         0.325512         0.034195  ( 40.361505  23.493529 ) 
        51         2.782258         0.329010         0.027857  ( 40.361505  23.493529 ) 
        52         2.781591         0.322529         0.035025  ( 40.361505  23.490219 ) 
        53         2.781591         0.321067         0.036646  ( 40.361505  23.490219 ) 
        54         2.781591         0.312004         0.030013  ( 40.361505  23.490219 ) 
        55         2.781591         0.310192         0.030220  ( 40.361505  23.490219 ) 
        56         2.781591         0.314843         0.025464  ( 40.361505  23.490219 ) 
        57         2.781591         0.314612         0.028564  ( 40.361505  23.490219 ) 
        58         2.781591         0.311953         0.026028  ( 40.361505  23.490219 ) 
        59         2.781591         0.306059         0.035719  ( 40.361505  23.490219 ) 
        60         2.781591         0.311921         0.035266  ( 40.361505  23.490219 ) 
        61         2.781591         0.313311         0.043512  ( 40.361505  23.490219 ) 
        62         2.781591         0.316310         0.037654  ( 40.361505  23.490219 ) 
        63         2.781591         0.314329         0.039480  ( 40.361505  23.490219 ) 
        64         2.781591         0.312000         0.043170  ( 40.361505  23.490219 ) 
        65         2.781591         0.309894         0.038009  ( 40.361505  23.490219 ) 
        66         2.781591         0.312927         0.038724  ( 40.361505  23.490219 ) 
        67         2.781591         0.316173         0.040716  ( 40.361505  23.490219 ) 
        68         2.781591         0.306875         0.045085  ( 40.361505  23.490219 ) 
        69         2.781591         0.312195         0.041647  ( 40.361505  23.490219 ) 
        70         2.781591         0.313070         0.037939  ( 40.361505  23.490219 ) 
        71         2.781591         0.322393         0.040902  ( 40.361505  23.490219 ) 
        72         2.781591         0.316747         0.044401  ( 40.361505  23.490219 ) 
        73         2.781591         0.330338         0.034790  ( 40.361505  23.490219 ) 
        74         2.781591         0.327789         0.040100  ( 40.361505  23.490219 ) 
        75         2.781591         0.323546         0.041590  ( 40.361505  23.490219 ) 
        76         2.781591         0.322213         0.044364  ( 40.361505  23.490219 ) 
        77         2.781591         0.329535         0.041518  ( 40.361505  23.490219 ) 
        78         2.781591         0.310620         0.052136  ( 40.361505  23.490219 ) 
        79         2.781591         0.317689         0.041693  ( 40.361505  23.490219 ) 
        80         2.781591         0.315047         0.044307  ( 40.361505  23.490219 ) 
        81         2.781591         0.312614         0.046357  ( 40.361505  23.490219 ) 
        82         2.781591         0.316966         0.040777  ( 40.361505  23.490219 ) 
        83         2.781591         0.319600         0.036645  ( 40.361505  23.490219 ) 
        84         2.781591         0.312412         0.041047  ( 40.361505  23.490219 ) 
        85         2.781591         0.312219         0.038748  ( 40.361505  23.490219 ) 
        86         2.781591         0.311592         0.037957  ( 40.361505  23.490219 ) 
        87         2.781591         0.314820         0.040335  ( 40.361505  23.490219 ) 
        88         2.781591         0.322081         0.038277  ( 40.361505  23.490219 ) 
        89         2.781591         0.324803         0.036361  ( 40.361505  23.490219 ) 
        90         2.781591         0.320793         0.037313  ( 40.361505  23.490219 ) 
        91         2.781591         0.328463         0.033293  ( 40.361505  23.490219 ) 
        92         2.781591         0.323335         0.032937  ( 40.361505  23.490219 ) 
        93         2.781591         0.314960         0.038723  ( 40.361505  23.490219 ) 
        94         2.781591         0.312614         0.037492  ( 40.361505  23.490219 ) 
        95         2.781591         0.298862         0.043621  ( 40.361505  23.490219 ) 
        96         2.781591         0.309200         0.042160  ( 40.361505  23.490219 ) 
        97         2.781591         0.319465         0.038345  ( 40.361505  23.490219 ) 
        98         2.781591         0.312526         0.046375  ( 40.361505  23.490219 ) 
        99         2.781376         0.311064         0.046099  ( 40.368466  23.477351 ) 
       100         2.781376         0.322032         0.045190  ( 40.368466  23.477351 ) 

Simulation completed

   Best member :

 Gene(0) = 40.368466
 Gene(1) = 23.477351
 Distance = 2.781376

----------------------------------------------------------------
-------------------------EXPERIMENT #3-------------------------
----------------------------------------------------------------

Generation       Best Value          Average           StdDev         Best Genotype

         1         2.813815         0.281347         0.049665  ( 40.332932  23.466350 ) 
         2         2.789788         0.287292         0.047030  ( 40.362223  23.457912 ) 
         3         2.782662         0.286843         0.046163  ( 40.365690  23.496267 ) 
         4         2.782662         0.293384         0.044810  ( 40.365690  23.496267 ) 
         5         2.782662         0.302446         0.042993  ( 40.365690  23.496267 ) 
         6         2.782662         0.309915         0.044453  ( 40.365690  23.496267 ) 
         7         2.782662         0.309950         0.036174  ( 40.365690  23.496267 ) 
         8         2.782662         0.314545         0.034440  ( 40.365690  23.496267 ) 
         9         2.782662         0.312122         0.037288  ( 40.365690  23.496267 ) 
        10         2.781188         0.321120         0.031908  ( 40.365690  23.476803 ) 
        11         2.781188         0.320265         0.036063  ( 40.365690  23.476803 ) 
        12         2.781188         0.304524         0.045260  ( 40.365690  23.476803 ) 
        13         2.781188         0.308219         0.043627  ( 40.365690  23.476803 ) 
        14         2.780698         0.309614         0.037890  ( 40.365690  23.482926 ) 
        15         2.780698         0.316170         0.032169  ( 40.365690  23.482926 ) 
        16         2.780698         0.312694         0.035783  ( 40.365690  23.482926 ) 
        17         2.780698         0.316672         0.039311  ( 40.365690  23.482926 ) 
        18         2.780698         0.318323         0.039761  ( 40.365690  23.482926 ) 
        19         2.780698         0.323690         0.034060  ( 40.365690  23.482926 ) 
        20         2.780698         0.324352         0.037483  ( 40.365690  23.482926 ) 
        21         2.780698         0.322583         0.040251  ( 40.365690  23.482926 ) 
        22         2.780698         0.318292         0.038058  ( 40.365690  23.482926 ) 
        23         2.780698         0.319363         0.041116  ( 40.365690  23.482926 ) 
        24         2.780698         0.309099         0.046585  ( 40.365690  23.482926 ) 
        25         2.780698         0.324698         0.038829  ( 40.365690  23.482926 ) 
        26         2.780698         0.322311         0.038144  ( 40.365690  23.482926 ) 
        27         2.780698         0.325651         0.033186  ( 40.365690  23.482926 ) 
        28         2.780698         0.312336         0.040534  ( 40.365690  23.482926 ) 
        29         2.780698         0.310568         0.037813  ( 40.365690  23.482926 ) 
        30         2.780698         0.309319         0.034766  ( 40.365690  23.482926 ) 
        31         2.780698         0.313604         0.033986  ( 40.365690  23.482926 ) 
        32         2.780698         0.315810         0.039303  ( 40.365690  23.482926 ) 
        33         2.780698         0.304579         0.046740  ( 40.365690  23.482926 ) 
        34         2.780698         0.308237         0.039395  ( 40.365690  23.482926 ) 
        35         2.780698         0.312857         0.038372  ( 40.365690  23.482926 ) 
        36         2.780698         0.310402         0.036889  ( 40.365690  23.482926 ) 
        37         2.780698         0.317267         0.041066  ( 40.365690  23.482926 ) 
        38         2.780698         0.313026         0.041660  ( 40.365690  23.482926 ) 
        39         2.780698         0.307164         0.047253  ( 40.365690  23.482926 ) 
        40         2.780698         0.308215         0.039047  ( 40.365690  23.482926 ) 
        41         2.780698         0.317154         0.032473  ( 40.365690  23.482926 ) 
        42         2.780698         0.317293         0.032976  ( 40.365690  23.482926 ) 
        43         2.780698         0.315976         0.041136  ( 40.365690  23.482926 ) 
        44         2.780698         0.309164         0.047178  ( 40.365690  23.482926 ) 
        45         2.780698         0.305353         0.042386  ( 40.365690  23.482926 ) 
        46         2.780698         0.305477         0.042346  ( 40.365690  23.482926 ) 
        47         2.780698         0.298430         0.041335  ( 40.365690  23.482926 ) 
        48         2.780698         0.296399         0.037333  ( 40.365690  23.482926 ) 
        49         2.780698         0.296023         0.044882  ( 40.365690  23.482926 ) 
        50         2.780698         0.296234         0.041395  ( 40.365690  23.482926 ) 
        51         2.780698         0.302022         0.038978  ( 40.365690  23.482926 ) 
        52         2.780698         0.306876         0.036824  ( 40.365690  23.482926 ) 
        53         2.780698         0.313932         0.031284  ( 40.365690  23.482926 ) 
        54         2.780698         0.312130         0.034905  ( 40.365690  23.482926 ) 
        55         2.780698         0.315140         0.033275  ( 40.365690  23.482926 ) 
        56         2.780698         0.304495         0.040586  ( 40.365690  23.482926 ) 
        57         2.780698         0.312602         0.033339  ( 40.365690  23.482926 ) 
        58         2.780698         0.316357         0.035539  ( 40.365690  23.482926 ) 
        59         2.780698         0.312484         0.033906  ( 40.365690  23.482926 ) 
        60         2.780698         0.318695         0.027522  ( 40.365690  23.482926 ) 
        61         2.780698         0.309649         0.043463  ( 40.365690  23.482926 ) 
        62         2.780698         0.314951         0.043797  ( 40.365690  23.482926 ) 
        63         2.780698         0.318578         0.039563  ( 40.365690  23.482926 ) 
        64         2.780698         0.313804         0.036562  ( 40.365690  23.482926 ) 
        65         2.780698         0.315961         0.032139  ( 40.365690  23.482926 ) 
        66         2.780698         0.312948         0.034687  ( 40.365690  23.482926 ) 
        67         2.780698         0.321759         0.030197  ( 40.365690  23.482926 ) 
        68         2.780698         0.326528         0.027499  ( 40.365690  23.482926 ) 
        69         2.780698         0.328208         0.031375  ( 40.365690  23.482926 ) 
        70         2.780698         0.322137         0.036979  ( 40.365690  23.482926 ) 
        71         2.780698         0.323758         0.045055  ( 40.365690  23.482926 ) 
        72         2.780698         0.332149         0.039074  ( 40.365690  23.482926 ) 
        73         2.780698         0.328651         0.038544  ( 40.365690  23.482926 ) 
        74         2.780698         0.341803         0.022976  ( 40.365690  23.482926 ) 
        75         2.780698         0.339410         0.030453  ( 40.365690  23.482926 ) 
        76         2.780698         0.333406         0.032851  ( 40.365690  23.482926 ) 
        77         2.780698         0.334671         0.034743  ( 40.365690  23.482926 ) 
        78         2.780698         0.335637         0.028287  ( 40.365690  23.482926 ) 
        79         2.780698         0.337959         0.026424  ( 40.365690  23.482926 ) 
        80         2.780698         0.339236         0.016711  ( 40.365690  23.482926 ) 
        81         2.780698         0.333514         0.027946  ( 40.365690  23.482926 ) 
        82         2.780698         0.333169         0.027561  ( 40.365690  23.482926 ) 
        83         2.780698         0.327045         0.038233  ( 40.365690  23.482926 ) 
        84         2.780698         0.329087         0.041260  ( 40.365690  23.482926 ) 
        85         2.780698         0.333812         0.039399  ( 40.365690  23.482926 ) 
        86         2.780698         0.332929         0.040661  ( 40.365690  23.482926 ) 
        87         2.780698         0.324968         0.046005  ( 40.365690  23.482926 ) 
        88         2.780698         0.342899         0.023114  ( 40.365690  23.482926 ) 
        89         2.780698         0.338228         0.027221  ( 40.365690  23.482926 ) 
        90         2.780698         0.338571         0.027564  ( 40.365690  23.482926 ) 
        91         2.780698         0.340739         0.023628  ( 40.365690  23.482926 ) 
        92         2.780698         0.339295         0.028406  ( 40.365690  23.482926 ) 
        93         2.780698         0.332133         0.031870  ( 40.365690  23.482926 ) 
        94         2.780698         0.320760         0.045294  ( 40.365690  23.482926 ) 
        95         2.780698         0.323545         0.038369  ( 40.365690  23.482926 ) 
        96         2.780698         0.321780         0.043513  ( 40.365690  23.482926 ) 
        97         2.780698         0.310354         0.052869  ( 40.365690  23.482926 ) 
        98         2.780698         0.302061         0.048797  ( 40.365690  23.482926 ) 
        99         2.780698         0.301069         0.047543  ( 40.365690  23.482926 ) 
       100         2.780698         0.316372         0.042096  ( 40.365690  23.482926 ) 

Simulation completed

   Best member :

 Gene(0) = 40.365690
 Gene(1) = 23.482926
 Distance = 2.780698

----------------------------------------------------------------
-------------------------EXPERIMENT #4-------------------------
----------------------------------------------------------------

Generation       Best Value          Average           StdDev         Best Genotype

         1         2.847217         0.295084         0.040928  ( 40.315098  23.502315 ) 
         2         2.798719         0.294669         0.043368  ( 40.364236  23.447956 ) 
         3         2.798719         0.291478         0.039488  ( 40.364236  23.447956 ) 
         4         2.798719         0.298979         0.036694  ( 40.364236  23.447956 ) 
         5         2.798719         0.286497         0.046305  ( 40.364236  23.447956 ) 
         6         2.798719         0.295662         0.040795  ( 40.364236  23.447956 ) 
         7         2.793833         0.298758         0.047279  ( 40.346376  23.502315 ) 
         8         2.793833         0.296220         0.048861  ( 40.346376  23.502315 ) 
         9         2.787298         0.299267         0.045664  ( 40.375347  23.502315 ) 
        10         2.787298         0.302772         0.045384  ( 40.375347  23.502315 ) 
        11         2.787298         0.309931         0.038899  ( 40.375347  23.502315 ) 
        12         2.787298         0.314324         0.034677  ( 40.375347  23.502315 ) 
        13         2.787298         0.317703         0.035846  ( 40.375347  23.502315 ) 
        14         2.787298         0.316849         0.041079  ( 40.375347  23.502315 ) 
        15         2.787298         0.314437         0.041292  ( 40.375347  23.502315 ) 
        16         2.785501         0.308420         0.045551  ( 40.360618  23.502315 ) 
        17         2.782508         0.321687         0.033768  ( 40.358197  23.477699 ) 
        18         2.782508         0.326110         0.036068  ( 40.358197  23.477699 ) 
        19         2.782508         0.311688         0.047508  ( 40.358197  23.477699 ) 
        20         2.782508         0.311552         0.050444  ( 40.358197  23.477699 ) 
        21         2.782508         0.317932         0.042472  ( 40.358197  23.477699 ) 
        22         2.782508         0.314558         0.042529  ( 40.358197  23.477699 ) 
        23         2.782508         0.310045         0.044847  ( 40.358197  23.477699 ) 
        24         2.782508         0.313047         0.046778  ( 40.358197  23.477699 ) 
        25         2.782508         0.321070         0.042341  ( 40.358197  23.477699 ) 
        26         2.782508         0.319803         0.043562  ( 40.358197  23.477699 ) 
        27         2.782508         0.326960         0.044145  ( 40.358197  23.477699 ) 
        28         2.782508         0.328620         0.039485  ( 40.358197  23.477699 ) 
        29         2.782508         0.334501         0.038018  ( 40.358197  23.477699 ) 
        30         2.782508         0.335434         0.038772  ( 40.358197  23.477699 ) 
        31         2.782508         0.335690         0.038423  ( 40.358197  23.477699 ) 
        32         2.782508         0.335580         0.035072  ( 40.358197  23.477699 ) 
        33         2.782508         0.338879         0.022046  ( 40.358197  23.477699 ) 
        34         2.782508         0.334362         0.022824  ( 40.358197  23.477699 ) 
        35         2.782508         0.335997         0.029032  ( 40.358197  23.477699 ) 
        36         2.782508         0.339490         0.025928  ( 40.358197  23.477699 ) 
        37         2.782508         0.339887         0.017048  ( 40.358197  23.477699 ) 
        38         2.782508         0.328294         0.036091  ( 40.358197  23.477699 ) 
        39         2.782508         0.326487         0.034120  ( 40.358197  23.477699 ) 
        40         2.782508         0.328342         0.033315  ( 40.358197  23.477699 ) 
        41         2.782508         0.328371         0.035619  ( 40.358197  23.477699 ) 
        42         2.782508         0.331298         0.025380  ( 40.358197  23.477699 ) 
        43         2.782508         0.327339         0.029189  ( 40.358197  23.477699 ) 
        44         2.782508         0.324901         0.030326  ( 40.358197  23.477699 ) 
        45         2.782508         0.312009         0.034619  ( 40.358197  23.477699 ) 
        46         2.782508         0.307104         0.041906  ( 40.358197  23.477699 ) 
        47         2.782508         0.316117         0.038901  ( 40.358197  23.477699 ) 
        48         2.782508         0.315022         0.040974  ( 40.358197  23.477699 ) 
        49         2.782508         0.320814         0.039087  ( 40.358197  23.477699 ) 
        50         2.782508         0.323338         0.026292  ( 40.358197  23.477699 ) 
        51         2.782508         0.317750         0.031527  ( 40.358197  23.477699 ) 
        52         2.782508         0.320414         0.034022  ( 40.358197  23.477699 ) 
        53         2.782508         0.314562         0.036563  ( 40.358197  23.477699 ) 
        54         2.782508         0.312682         0.039092  ( 40.358197  23.477699 ) 
        55         2.782508         0.311426         0.044266  ( 40.358197  23.477699 ) 
        56         2.782508         0.313227         0.043554  ( 40.358197  23.477699 ) 
        57         2.782508         0.321079         0.032408  ( 40.358197  23.477699 ) 
        58         2.782508         0.321117         0.031230  ( 40.358197  23.477699 ) 
        59         2.782508         0.328184         0.028374  ( 40.358197  23.477699 ) 
        60         2.782508         0.326939         0.031765  ( 40.358197  23.477699 ) 
        61         2.782508         0.318454         0.041470  ( 40.358197  23.477699 ) 
        62         2.782508         0.307483         0.047032  ( 40.358197  23.477699 ) 
        63         2.782508         0.307131         0.052831  ( 40.358197  23.477699 ) 
        64         2.782508         0.323825         0.039604  ( 40.358197  23.477699 ) 
        65         2.782508         0.321185         0.039624  ( 40.358197  23.477699 ) 
        66         2.782508         0.314455         0.039195  ( 40.358197  23.477699 ) 
        67         2.782508         0.316316         0.040044  ( 40.358197  23.477699 ) 
        68         2.782508         0.317625         0.044716  ( 40.358197  23.477699 ) 
        69         2.782508         0.320065         0.043950  ( 40.358197  23.477699 ) 
        70         2.782508         0.316993         0.046328  ( 40.358197  23.477699 ) 
        71         2.782508         0.321280         0.045632  ( 40.358197  23.477699 ) 
        72         2.782508         0.315091         0.049189  ( 40.358197  23.477699 ) 
        73         2.782508         0.310346         0.050919  ( 40.358197  23.477699 ) 
        74         2.782508         0.317210         0.044552  ( 40.358197  23.477699 ) 
        75         2.782508         0.312566         0.043442  ( 40.358197  23.477699 ) 
        76         2.782508         0.317634         0.044138  ( 40.358197  23.477699 ) 
        77         2.782508         0.307686         0.051435  ( 40.358197  23.477699 ) 
        78         2.782508         0.305586         0.049662  ( 40.358197  23.477699 ) 
        79         2.782508         0.314040         0.045077  ( 40.358197  23.477699 ) 
        80         2.782508         0.317377         0.041800  ( 40.358197  23.477699 ) 
        81         2.782508         0.322118         0.041347  ( 40.358197  23.477699 ) 
        82         2.782508         0.318182         0.045833  ( 40.358197  23.477699 ) 
        83         2.782508         0.333782         0.030968  ( 40.358197  23.477699 ) 
        84         2.782508         0.329251         0.040636  ( 40.358197  23.477699 ) 
        85         2.782508         0.322862         0.044746  ( 40.358197  23.477699 ) 
        86         2.782508         0.325081         0.042020  ( 40.358197  23.477699 ) 
        87         2.782508         0.323791         0.039934  ( 40.358197  23.477699 ) 
        88         2.782508         0.316246         0.039155  ( 40.358197  23.477699 ) 
        89         2.782508         0.325271         0.031745  ( 40.358197  23.477699 ) 
        90         2.782508         0.327811         0.028865  ( 40.358197  23.477699 ) 
        91         2.782508         0.324315         0.032178  ( 40.358197  23.477699 ) 
        92         2.782508         0.315345         0.043451  ( 40.358197  23.477699 ) 
        93         2.782508         0.319955         0.042545  ( 40.358197  23.477699 ) 
        94         2.782508         0.322194         0.039489  ( 40.358197  23.477699 ) 
        95         2.781465         0.319916         0.045040  ( 40.366630  23.491115 ) 
        96         2.781465         0.320294         0.034605  ( 40.366630  23.491115 ) 
        97         2.781465         0.316345         0.048644  ( 40.366630  23.491115 ) 
        98         2.781465         0.316885         0.043457  ( 40.366630  23.491115 ) 
        99         2.781465         0.332377         0.030843  ( 40.366630  23.491115 ) 
       100         2.781465         0.338805         0.028726  ( 40.366630  23.491115 ) 

Simulation completed

   Best member :

 Gene(0) = 40.366630
 Gene(1) = 23.491115
 Distance = 2.781465

----------------------------------------------------------------
-------------------------EXPERIMENT #5-------------------------
----------------------------------------------------------------

Generation       Best Value          Average           StdDev         Best Genotype

         1         2.789149         0.296063         0.040960  ( 40.349879  23.498034 ) 
         2         2.789149         0.292364         0.042129  ( 40.349879  23.498034 ) 
         3         2.789149         0.294236         0.045225  ( 40.349879  23.498034 ) 
         4         2.784944         0.308343         0.036891  ( 40.361850  23.466076 ) 
         5         2.784944         0.308612         0.036141  ( 40.361850  23.466076 ) 
         6         2.784944         0.300324         0.041752  ( 40.361850  23.466076 ) 
         7         2.784944         0.302340         0.041990  ( 40.361850  23.466076 ) 
         8         2.784944         0.297964         0.044798  ( 40.361850  23.466076 ) 
         9         2.784944         0.315973         0.035975  ( 40.361850  23.466076 ) 
        10         2.784944         0.322580         0.027457  ( 40.361850  23.466076 ) 
        11         2.784944         0.318375         0.034675  ( 40.361850  23.466076 ) 
        12         2.784944         0.324086         0.025538  ( 40.361850  23.466076 ) 
        13         2.781021         0.321396         0.034223  ( 40.361850  23.481906 ) 
        14         2.781021         0.323478         0.031584  ( 40.361850  23.481906 ) 
        15         2.781021         0.320934         0.034556  ( 40.361850  23.481906 ) 
        16         2.781021         0.321848         0.028224  ( 40.361850  23.481906 ) 
        17         2.781021         0.302040         0.039964  ( 40.361850  23.481906 ) 
        18         2.781021         0.307630         0.033361  ( 40.361850  23.481906 ) 
        19         2.781021         0.313815         0.024727  ( 40.361850  23.481906 ) 
        20         2.781021         0.314773         0.026190  ( 40.361850  23.481906 ) 
        21         2.781021         0.311145         0.033412  ( 40.361850  23.481906 ) 
        22         2.781021         0.317358         0.027673  ( 40.361850  23.481906 ) 
        23         2.781021         0.313479         0.034200  ( 40.361850  23.481906 ) 
        24         2.780801         0.307672         0.039070  ( 40.363863  23.485714 ) 
        25         2.780801         0.312531         0.040352  ( 40.363863  23.485714 ) 
        26         2.780801         0.307000         0.047507  ( 40.363863  23.485714 ) 
        27         2.780769         0.306948         0.041684  ( 40.363863  23.481707 ) 
        28         2.780769         0.308138         0.040630  ( 40.363863  23.481707 ) 
        29         2.780769         0.316012         0.036271  ( 40.363863  23.481707 ) 
        30         2.780769         0.309440         0.039058  ( 40.363863  23.481707 ) 
        31         2.780769         0.313240         0.035855  ( 40.363863  23.481707 ) 
        32         2.780769         0.307031         0.036817  ( 40.363863  23.481707 ) 
        33         2.780769         0.306789         0.039305  ( 40.363863  23.481707 ) 
        34         2.780769         0.307176         0.040116  ( 40.363863  23.481707 ) 
        35         2.780769         0.313018         0.031131  ( 40.363863  23.481707 ) 
        36         2.780769         0.305170         0.041429  ( 40.363863  23.481707 ) 
        37         2.780769         0.295391         0.048915  ( 40.363863  23.481707 ) 
        38         2.780769         0.306891         0.040040  ( 40.363863  23.481707 ) 
        39         2.780769         0.307269         0.040301  ( 40.363863  23.481707 ) 
        40         2.780769         0.312897         0.042770  ( 40.363863  23.481707 ) 
        41         2.780769         0.311130         0.044728  ( 40.363863  23.481707 ) 
        42         2.780769         0.317068         0.040132  ( 40.363863  23.481707 ) 
        43         2.780769         0.316749         0.037396  ( 40.363863  23.481707 ) 
        44         2.780769         0.311700         0.039541  ( 40.363863  23.481707 ) 
        45         2.780769         0.315924         0.034502  ( 40.363863  23.481707 ) 
        46         2.780769         0.309810         0.031917  ( 40.363863  23.481707 ) 
        47         2.780769         0.303860         0.035997  ( 40.363863  23.481707 ) 
        48         2.780769         0.305733         0.031344  ( 40.363863  23.481707 ) 
        49         2.780769         0.307019         0.034081  ( 40.363863  23.481707 ) 
        50         2.780769         0.305451         0.037031  ( 40.363863  23.481707 ) 
        51         2.780769         0.295627         0.038926  ( 40.363863  23.481707 ) 
        52         2.780769         0.297460         0.038747  ( 40.363863  23.481707 ) 
        53         2.780769         0.294108         0.039143  ( 40.363863  23.481707 ) 
        54         2.780769         0.296440         0.039059  ( 40.363863  23.481707 ) 
        55         2.780769         0.296932         0.037763  ( 40.363863  23.481707 ) 
        56         2.780769         0.299759         0.037062  ( 40.363863  23.481707 ) 
        57         2.780769         0.303099         0.038520  ( 40.363863  23.481707 ) 
        58         2.780769         0.307554         0.034386  ( 40.363863  23.481707 ) 
        59         2.780769         0.305555         0.040023  ( 40.363863  23.481707 ) 
        60         2.780769         0.313983         0.039927  ( 40.363863  23.481707 ) 
        61         2.780769         0.312354         0.037144  ( 40.363863  23.481707 ) 
        62         2.780769         0.313264         0.042974  ( 40.363863  23.481707 ) 
        63         2.780769         0.317143         0.035234  ( 40.363863  23.481707 ) 
        64         2.780769         0.310151         0.037091  ( 40.363863  23.481707 ) 
        65         2.780769         0.306195         0.040929  ( 40.363863  23.481707 ) 
        66         2.780769         0.313648         0.033143  ( 40.363863  23.481707 ) 
        67         2.780769         0.303290         0.040223  ( 40.363863  23.481707 ) 
        68         2.780769         0.300419         0.037447  ( 40.363863  23.481707 ) 
        69         2.780769         0.299959         0.037200  ( 40.363863  23.481707 ) 
        70         2.780769         0.299309         0.040061  ( 40.363863  23.481707 ) 
        71         2.780769         0.301160         0.038596  ( 40.363863  23.481707 ) 
        72         2.780769         0.305905         0.042266  ( 40.363863  23.481707 ) 
        73         2.780769         0.305203         0.040048  ( 40.363863  23.481707 ) 
        74         2.780769         0.304721         0.041869  ( 40.363863  23.481707 ) 
        75         2.780769         0.301107         0.041876  ( 40.363863  23.481707 ) 
        76         2.780769         0.301738         0.037161  ( 40.363863  23.481707 ) 
        77         2.780769         0.302525         0.029359  ( 40.363863  23.481707 ) 
        78         2.780769         0.303302         0.031907  ( 40.363863  23.481707 ) 
        79         2.780769         0.299590         0.045491  ( 40.363863  23.481707 ) 
        80         2.780769         0.297161         0.043901  ( 40.363863  23.481707 ) 
        81         2.780769         0.290361         0.047439  ( 40.363863  23.481707 ) 
        82         2.780769         0.281515         0.048918  ( 40.363863  23.481707 ) 
        83         2.780769         0.273432         0.052590  ( 40.363863  23.481707 ) 
        84         2.780769         0.286397         0.039733  ( 40.363863  23.481707 ) 
        85         2.780769         0.290770         0.037137  ( 40.363863  23.481707 ) 
        86         2.780769         0.295746         0.036025  ( 40.363863  23.481707 ) 
        87         2.780769         0.302026         0.027123  ( 40.363863  23.481707 ) 
        88         2.780769         0.311236         0.021028  ( 40.363863  23.481707 ) 
        89         2.780769         0.312740         0.030548  ( 40.363863  23.481707 ) 
        90         2.780769         0.312408         0.030261  ( 40.363863  23.481707 ) 
        91         2.780769         0.308767         0.039211  ( 40.363863  23.481707 ) 
        92         2.780769         0.308354         0.039748  ( 40.363863  23.481707 ) 
        93         2.780769         0.299595         0.041605  ( 40.363863  23.481707 ) 
        94         2.780769         0.302679         0.041172  ( 40.363863  23.481707 ) 
        95         2.780769         0.305398         0.038766  ( 40.363863  23.481707 ) 
        96         2.780769         0.315120         0.034347  ( 40.363863  23.481707 ) 
        97         2.780769         0.312569         0.037746  ( 40.363863  23.481707 ) 
        98         2.780769         0.312847         0.032694  ( 40.363863  23.481707 ) 
        99         2.780769         0.314434         0.033276  ( 40.363863  23.481707 ) 
       100         2.780769         0.315711         0.033587  ( 40.363863  23.481707 ) 

Simulation completed

   Best member :

 Gene(0) = 40.363863
 Gene(1) = 23.481707
 Distance = 2.780769

----------------------------------------------------------------
-------------------------EXPERIMENT #6-------------------------
----------------------------------------------------------------

Generation       Best Value          Average           StdDev         Best Genotype

         1         2.819107         0.274431         0.051861  ( 40.332817  23.515706 ) 
         2         2.805758         0.280345         0.051034  ( 40.390201  23.515706 ) 
         3         2.805758         0.298717         0.041380  ( 40.390201  23.515706 ) 
         4         2.805758         0.308004         0.038755  ( 40.390201  23.515706 ) 
         5         2.795464         0.309256         0.044283  ( 40.376953  23.515706 ) 
         6         2.795464         0.313260         0.046168  ( 40.376953  23.515706 ) 
         7         2.795464         0.314650         0.038296  ( 40.376953  23.515706 ) 
         8         2.795464         0.314739         0.042870  ( 40.376953  23.515706 ) 
         9         2.781637         0.312390         0.041047  ( 40.366781  23.474538 ) 
        10         2.781637         0.320807         0.034293  ( 40.366781  23.474538 ) 
        11         2.781637         0.320267         0.038232  ( 40.366781  23.474538 ) 
        12         2.781637         0.318869         0.039799  ( 40.366781  23.474538 ) 
        13         2.781637         0.325237         0.025135  ( 40.366781  23.474538 ) 
        14         2.781637         0.318293         0.029941  ( 40.366781  23.474538 ) 
        15         2.781637         0.321390         0.027489  ( 40.366781  23.474538 ) 
        16         2.781637         0.315321         0.028749  ( 40.366781  23.474538 ) 
        17         2.781637         0.314230         0.029318  ( 40.366781  23.474538 ) 
        18         2.781637         0.310223         0.029269  ( 40.366781  23.474538 ) 
        19         2.781637         0.318165         0.023100  ( 40.366781  23.474538 ) 
        20         2.781637         0.316105         0.032740  ( 40.366781  23.474538 ) 
        21         2.781637         0.308189         0.037712  ( 40.366781  23.474538 ) 
        22         2.781637         0.310192         0.035763  ( 40.366781  23.474538 ) 
        23         2.781637         0.311100         0.037024  ( 40.366781  23.474538 ) 
        24         2.781637         0.318391         0.033900  ( 40.366781  23.474538 ) 
        25         2.781637         0.314185         0.036819  ( 40.366781  23.474538 ) 
        26         2.781637         0.314689         0.038141  ( 40.366781  23.474538 ) 
        27         2.781637         0.315715         0.035333  ( 40.366781  23.474538 ) 
        28         2.781637         0.317102         0.031532  ( 40.366781  23.474538 ) 
        29         2.781637         0.315800         0.032564  ( 40.366781  23.474538 ) 
        30         2.781637         0.315379         0.030050  ( 40.366781  23.474538 ) 
        31         2.781637         0.313638         0.032570  ( 40.366781  23.474538 ) 
        32         2.781637         0.316126         0.027118  ( 40.366781  23.474538 ) 
        33         2.781637         0.315002         0.029972  ( 40.366781  23.474538 ) 
        34         2.781637         0.315986         0.034490  ( 40.366781  23.474538 ) 
        35         2.781637         0.315820         0.039095  ( 40.366781  23.474538 ) 
        36         2.781637         0.310181         0.041307  ( 40.366781  23.474538 ) 
        37         2.781637         0.313864         0.038037  ( 40.366781  23.474538 ) 
        38         2.781637         0.308533         0.042374  ( 40.366781  23.474538 ) 
        39         2.781637         0.307155         0.041723  ( 40.366781  23.474538 ) 
        40         2.781637         0.316611         0.040539  ( 40.366781  23.474538 ) 
        41         2.781637         0.312973         0.048856  ( 40.366781  23.474538 ) 
        42         2.781637         0.307027         0.043987  ( 40.366781  23.474538 ) 
        43         2.781637         0.301981         0.043555  ( 40.366781  23.474538 ) 
        44         2.781637         0.299156         0.045298  ( 40.366781  23.474538 ) 
        45         2.781637         0.300960         0.042928  ( 40.366781  23.474538 ) 
        46         2.781637         0.304103         0.038178  ( 40.366781  23.474538 ) 
        47         2.781637         0.303446         0.041296  ( 40.366781  23.474538 ) 
        48         2.781637         0.296621         0.045681  ( 40.366781  23.474538 ) 
        49         2.781637         0.290638         0.048503  ( 40.366781  23.474538 ) 
        50         2.781637         0.296822         0.047546  ( 40.366781  23.474538 ) 
        51         2.781637         0.312996         0.045342  ( 40.366781  23.474538 ) 
        52         2.781637         0.315871         0.037915  ( 40.366781  23.474538 ) 
        53         2.781637         0.305703         0.043904  ( 40.366781  23.474538 ) 
        54         2.781637         0.304203         0.043282  ( 40.366781  23.474538 ) 
        55         2.781637         0.307157         0.043117  ( 40.366781  23.474538 ) 
        56         2.781637         0.306422         0.038585  ( 40.366781  23.474538 ) 
        57         2.781637         0.296253         0.038939  ( 40.366781  23.474538 ) 
        58         2.781637         0.297484         0.042904  ( 40.366781  23.474538 ) 
        59         2.781637         0.303715         0.045128  ( 40.366781  23.474538 ) 
        60         2.781637         0.307334         0.041256  ( 40.366781  23.474538 ) 
        61         2.781637         0.316982         0.031814  ( 40.366781  23.474538 ) 
        62         2.781637         0.318487         0.037416  ( 40.366781  23.474538 ) 
        63         2.781637         0.323027         0.032076  ( 40.366781  23.474538 ) 
        64         2.781637         0.313819         0.041062  ( 40.366781  23.474538 ) 
        65         2.781637         0.315734         0.042194  ( 40.366781  23.474538 ) 
        66         2.781637         0.318886         0.040367  ( 40.366781  23.474538 ) 
        67         2.781637         0.313179         0.041918  ( 40.366781  23.474538 ) 
        68         2.781637         0.319391         0.040425  ( 40.366781  23.474538 ) 
        69         2.781637         0.320587         0.035351  ( 40.366781  23.474538 ) 
        70         2.781637         0.324379         0.037451  ( 40.366781  23.474538 ) 
        71         2.781637         0.324227         0.037412  ( 40.366781  23.474538 ) 
        72         2.781637         0.317887         0.039751  ( 40.366781  23.474538 ) 
        73         2.781637         0.324859         0.034593  ( 40.366781  23.474538 ) 
        74         2.781377         0.326469         0.032849  ( 40.369796  23.480313 ) 
        75         2.781377         0.328896         0.030779  ( 40.369796  23.480313 ) 
        76         2.781377         0.329864         0.029995  ( 40.369796  23.480313 ) 
        77         2.781377         0.316572         0.037821  ( 40.369796  23.480313 ) 
        78         2.781377         0.308999         0.040537  ( 40.369796  23.480313 ) 
        79         2.781377         0.310491         0.045248  ( 40.369796  23.480313 ) 
        80         2.781377         0.320484         0.031728  ( 40.369796  23.480313 ) 
        81         2.781377         0.320099         0.027669  ( 40.369796  23.480313 ) 
        82         2.781377         0.319306         0.022385  ( 40.369796  23.480313 ) 
        83         2.781377         0.317164         0.025528  ( 40.369796  23.480313 ) 
        84         2.781377         0.316020         0.026113  ( 40.369796  23.480313 ) 
        85         2.781377         0.318135         0.032491  ( 40.369796  23.480313 ) 
        86         2.781377         0.320611         0.038175  ( 40.369796  23.480313 ) 
        87         2.781377         0.321613         0.034327  ( 40.369796  23.480313 ) 
        88         2.781377         0.319589         0.035486  ( 40.369796  23.480313 ) 
        89         2.781377         0.312666         0.039009  ( 40.369796  23.480313 ) 
        90         2.781377         0.310206         0.040222  ( 40.369796  23.480313 ) 
        91         2.781377         0.311946         0.042738  ( 40.369796  23.480313 ) 
        92         2.781377         0.317749         0.037429  ( 40.369796  23.480313 ) 
        93         2.781377         0.326714         0.025028  ( 40.369796  23.480313 ) 
        94         2.781377         0.329646         0.022513  ( 40.369796  23.480313 ) 
        95         2.781377         0.317278         0.040807  ( 40.369796  23.480313 ) 
        96         2.781377         0.318267         0.041798  ( 40.369796  23.480313 ) 
        97         2.781377         0.310917         0.046345  ( 40.369796  23.480313 ) 
        98         2.781377         0.312074         0.038035  ( 40.369796  23.480313 ) 
        99         2.781377         0.315320         0.032916  ( 40.369796  23.480313 ) 
       100         2.781377         0.314824         0.037395  ( 40.369796  23.480313 ) 

Simulation completed

   Best member :

 Gene(0) = 40.369796
 Gene(1) = 23.480313
 Distance = 2.781377

----------------------------------------------------------------
-------------------------EXPERIMENT #7-------------------------
----------------------------------------------------------------

Generation       Best Value          Average           StdDev         Best Genotype

         1         2.788250         0.292404         0.045716  ( 40.348646  23.480039 ) 
         2         2.788250         0.296113         0.035650  ( 40.348646  23.480039 ) 
         3         2.788250         0.297432         0.039606  ( 40.348646  23.480039 ) 
         4         2.788250         0.307108         0.035635  ( 40.348646  23.480039 ) 
         5         2.788250         0.306888         0.036587  ( 40.348646  23.480039 ) 
         6         2.788250         0.307557         0.041914  ( 40.348646  23.480039 ) 
         7         2.788250         0.309369         0.042878  ( 40.348646  23.480039 ) 
         8         2.788250         0.313435         0.039328  ( 40.348646  23.480039 ) 
         9         2.788250         0.311679         0.039587  ( 40.348646  23.480039 ) 
        10         2.788250         0.307790         0.037791  ( 40.348646  23.480039 ) 
        11         2.788250         0.313760         0.035864  ( 40.348646  23.480039 ) 
        12         2.788250         0.311421         0.039690  ( 40.348646  23.480039 ) 
        13         2.788250         0.313723         0.036343  ( 40.348646  23.480039 ) 
        14         2.788250         0.323750         0.025474  ( 40.348646  23.480039 ) 
        15         2.788250         0.313939         0.038676  ( 40.348646  23.480039 ) 
        16         2.788250         0.319096         0.034796  ( 40.348646  23.480039 ) 
        17         2.788250         0.307030         0.043863  ( 40.348646  23.480039 ) 
        18         2.784098         0.305420         0.043394  ( 40.359651  23.498233 ) 
        19         2.784098         0.304845         0.040635  ( 40.359651  23.498233 ) 
        20         2.783724         0.310733         0.037203  ( 40.367216  23.467420 ) 
        21         2.783724         0.300739         0.040366  ( 40.367216  23.467420 ) 
        22         2.783496         0.296104         0.043959  ( 40.362489  23.498233 ) 
        23         2.783496         0.300109         0.041750  ( 40.362489  23.498233 ) 
        24         2.783388         0.308321         0.038155  ( 40.367216  23.498233 ) 
        25         2.781604         0.299814         0.042353  ( 40.359536  23.481657 ) 
        26         2.781604         0.302615         0.041546  ( 40.359536  23.481657 ) 
        27         2.781604         0.306202         0.044925  ( 40.359536  23.481657 ) 
        28         2.781604         0.297486         0.043375  ( 40.359536  23.481657 ) 
        29         2.781604         0.309208         0.044709  ( 40.359536  23.481657 ) 
        30         2.781604         0.315760         0.040493  ( 40.359536  23.481657 ) 
        31         2.781604         0.315779         0.041743  ( 40.359536  23.481657 ) 
        32         2.781604         0.317855         0.044058  ( 40.359536  23.481657 ) 
        33         2.781604         0.327477         0.033972  ( 40.359536  23.481657 ) 
        34         2.781604         0.316579         0.039703  ( 40.359536  23.481657 ) 
        35         2.781604         0.320430         0.043294  ( 40.359536  23.481657 ) 
        36         2.781604         0.315164         0.044672  ( 40.359536  23.481657 ) 
        37         2.781604         0.323238         0.036616  ( 40.359536  23.481657 ) 
        38         2.781604         0.326498         0.031157  ( 40.359536  23.481657 ) 
        39         2.781604         0.321861         0.035459  ( 40.359536  23.481657 ) 
        40         2.781604         0.325126         0.036223  ( 40.359536  23.481657 ) 
        41         2.781604         0.327295         0.034500  ( 40.359536  23.481657 ) 
        42         2.781604         0.320140         0.039642  ( 40.359536  23.481657 ) 
        43         2.781604         0.325996         0.036614  ( 40.359536  23.481657 ) 
        44         2.781604         0.324697         0.034427  ( 40.359536  23.481657 ) 
        45         2.781604         0.323336         0.032497  ( 40.359536  23.481657 ) 
        46         2.781604         0.322277         0.034419  ( 40.359536  23.481657 ) 
        47         2.781604         0.324693         0.036473  ( 40.359536  23.481657 ) 
        48         2.781604         0.314968         0.041537  ( 40.359536  23.481657 ) 
        49         2.781604         0.310770         0.042884  ( 40.359536  23.481657 ) 
        50         2.781604         0.307871         0.038405  ( 40.359536  23.481657 ) 
        51         2.781604         0.308428         0.038845  ( 40.359536  23.481657 ) 
        52         2.781604         0.309599         0.040536  ( 40.359536  23.481657 ) 
        53         2.781604         0.314503         0.033355  ( 40.359536  23.481657 ) 
        54         2.781604         0.319871         0.036970  ( 40.359536  23.481657 ) 
        55         2.781604         0.316128         0.039058  ( 40.359536  23.481657 ) 
        56         2.781604         0.311021         0.039891  ( 40.359536  23.481657 ) 
        57         2.781604         0.317772         0.036029  ( 40.359536  23.481657 ) 
        58         2.781604         0.323267         0.038186  ( 40.359536  23.481657 ) 
        59         2.781604         0.316534         0.044799  ( 40.359536  23.481657 ) 
        60         2.781604         0.316652         0.044441  ( 40.359536  23.481657 ) 
        61         2.781604         0.317293         0.041810  ( 40.359536  23.481657 ) 
        62         2.781604         0.320379         0.035317  ( 40.359536  23.481657 ) 
        63         2.781604         0.326160         0.032410  ( 40.359536  23.481657 ) 
        64         2.780852         0.325367         0.039699  ( 40.362870  23.482179 ) 
        65         2.780852         0.325295         0.040095  ( 40.362870  23.482179 ) 
        66         2.780852         0.329396         0.028846  ( 40.362870  23.482179 ) 
        67         2.780852         0.323155         0.040297  ( 40.362870  23.482179 ) 
        68         2.780852         0.321427         0.039462  ( 40.362870  23.482179 ) 
        69         2.780852         0.325617         0.032138  ( 40.362870  23.482179 ) 
        70         2.780852         0.317092         0.033028  ( 40.362870  23.482179 ) 
        71         2.780852         0.318703         0.035923  ( 40.362870  23.482179 ) 
        72         2.780852         0.319739         0.038363  ( 40.362870  23.482179 ) 
        73         2.780852         0.315384         0.042852  ( 40.362870  23.482179 ) 
        74         2.780852         0.315640         0.039945  ( 40.362870  23.482179 ) 
        75         2.780852         0.314956         0.042915  ( 40.362870  23.482179 ) 
        76         2.780852         0.308682         0.043903  ( 40.362870  23.482179 ) 
        77         2.780852         0.301232         0.043529  ( 40.362870  23.482179 ) 
        78         2.780852         0.306839         0.045422  ( 40.362870  23.482179 ) 
        79         2.780852         0.307784         0.037860  ( 40.362870  23.482179 ) 
        80         2.780852         0.305184         0.039274  ( 40.362870  23.482179 ) 
        81         2.780852         0.305954         0.038517  ( 40.362870  23.482179 ) 
        82         2.780852         0.306391         0.035742  ( 40.362870  23.482179 ) 
        83         2.780852         0.312945         0.033494  ( 40.362870  23.482179 ) 
        84         2.780852         0.308072         0.041139  ( 40.362870  23.482179 ) 
        85         2.780852         0.300090         0.042336  ( 40.362870  23.482179 ) 
        86         2.780852         0.290961         0.042417  ( 40.362870  23.482179 ) 
        87         2.780852         0.294982         0.035916  ( 40.362870  23.482179 ) 
        88         2.780852         0.295335         0.035722  ( 40.362870  23.482179 ) 
        89         2.780852         0.295528         0.034188  ( 40.362870  23.482179 ) 
        90         2.780852         0.305675         0.033569  ( 40.362870  23.482179 ) 
        91         2.780852         0.317171         0.027879  ( 40.362870  23.482179 ) 
        92         2.780852         0.313901         0.028448  ( 40.362870  23.482179 ) 
        93         2.780852         0.311164         0.033775  ( 40.362870  23.482179 ) 
        94         2.780852         0.312870         0.037390  ( 40.362870  23.482179 ) 
        95         2.780852         0.314844         0.032663  ( 40.362870  23.482179 ) 
        96         2.780852         0.311955         0.032967  ( 40.362870  23.482179 ) 
        97         2.780852         0.308479         0.036389  ( 40.362870  23.482179 ) 
        98         2.780852         0.307833         0.039241  ( 40.362870  23.482179 ) 
        99         2.780852         0.300929         0.043619  ( 40.362870  23.482179 ) 
       100         2.780852         0.302632         0.040048  ( 40.362870  23.482179 ) 

Simulation completed

   Best member :

 Gene(0) = 40.362870
 Gene(1) = 23.482179
 Distance = 2.780852

----------------------------------------------------------------
-------------------------EXPERIMENT #8-------------------------
----------------------------------------------------------------

Generation       Best Value          Average           StdDev         Best Genotype

         1         2.815813         0.293909         0.039417  ( 40.399548  23.511151 ) 
         2         2.787741         0.291950         0.040189  ( 40.351679  23.497711 ) 
         3         2.787741         0.305148         0.040649  ( 40.351679  23.497711 ) 
         4         2.787741         0.307601         0.037930  ( 40.351679  23.497711 ) 
         5         2.783135         0.310591         0.034969  ( 40.366107  23.497711 ) 
         6         2.783135         0.306638         0.043159  ( 40.366107  23.497711 ) 
         7         2.783135         0.312398         0.038653  ( 40.366107  23.497711 ) 
         8         2.783135         0.316309         0.035235  ( 40.366107  23.497711 ) 
         9         2.783135         0.306512         0.048229  ( 40.366107  23.497711 ) 
        10         2.783135         0.306314         0.040387  ( 40.366107  23.497711 ) 
        11         2.783135         0.316058         0.031060  ( 40.366107  23.497711 ) 
        12         2.783135         0.311176         0.036278  ( 40.366107  23.497711 ) 
        13         2.783135         0.311144         0.039283  ( 40.366107  23.497711 ) 
        14         2.783135         0.315849         0.037169  ( 40.366107  23.497711 ) 
        15         2.783135         0.316719         0.040759  ( 40.366107  23.497711 ) 
        16         2.783135         0.304175         0.045867  ( 40.366107  23.497711 ) 
        17         2.783135         0.310532         0.044434  ( 40.366107  23.497711 ) 
        18         2.783128         0.311996         0.041936  ( 40.358676  23.494077 ) 
        19         2.783128         0.316119         0.034674  ( 40.358676  23.494077 ) 
        20         2.783128         0.311936         0.039868  ( 40.358676  23.494077 ) 
        21         2.783128         0.312942         0.032039  ( 40.358676  23.494077 ) 
        22         2.783128         0.313542         0.036698  ( 40.358676  23.494077 ) 
        23         2.783128         0.317887         0.025999  ( 40.358676  23.494077 ) 
        24         2.783128         0.315508         0.026482  ( 40.358676  23.494077 ) 
        25         2.783128         0.315250         0.031703  ( 40.358676  23.494077 ) 
        26         2.783128         0.317695         0.024782  ( 40.358676  23.494077 ) 
        27         2.783128         0.316483         0.033281  ( 40.358676  23.494077 ) 
        28         2.783128         0.320417         0.033956  ( 40.358676  23.494077 ) 
        29         2.782849         0.317792         0.037649  ( 40.372040  23.474489 ) 
        30         2.782849         0.306446         0.040453  ( 40.372040  23.474489 ) 
        31         2.782849         0.309330         0.038518  ( 40.372040  23.474489 ) 
        32         2.782849         0.308060         0.035392  ( 40.372040  23.474489 ) 
        33         2.782849         0.317588         0.027798  ( 40.372040  23.474489 ) 
        34         2.782849         0.322234         0.026437  ( 40.372040  23.474489 ) 
        35         2.782849         0.320939         0.027431  ( 40.372040  23.474489 ) 
        36         2.782849         0.328153         0.022393  ( 40.372040  23.474489 ) 
        37         2.781619         0.332022         0.023194  ( 40.364972  23.474489 ) 
        38         2.781619         0.325855         0.026964  ( 40.364972  23.474489 ) 
        39         2.781619         0.317662         0.037951  ( 40.364972  23.474489 ) 
        40         2.781619         0.313238         0.042847  ( 40.364972  23.474489 ) 
        41         2.781619         0.315494         0.039152  ( 40.364972  23.474489 ) 
        42         2.781619         0.306564         0.044829  ( 40.364972  23.474489 ) 
        43         2.781619         0.318120         0.036408  ( 40.364972  23.474489 ) 
        44         2.781619         0.320327         0.034363  ( 40.364972  23.474489 ) 
        45         2.781619         0.319988         0.041882  ( 40.364972  23.474489 ) 
        46         2.781619         0.330557         0.033517  ( 40.364972  23.474489 ) 
        47         2.781619         0.325841         0.039536  ( 40.364972  23.474489 ) 
        48         2.781619         0.326086         0.040633  ( 40.364972  23.474489 ) 
        49         2.781619         0.323479         0.037854  ( 40.364972  23.474489 ) 
        50         2.781619         0.326589         0.039156  ( 40.364972  23.474489 ) 
        51         2.781619         0.316480         0.047726  ( 40.364972  23.474489 ) 
        52         2.781619         0.309989         0.052882  ( 40.364972  23.474489 ) 
        53         2.781619         0.328161         0.042677  ( 40.364972  23.474489 ) 
        54         2.781619         0.330619         0.040407  ( 40.364972  23.474489 ) 
        55         2.781619         0.325418         0.042446  ( 40.364972  23.474489 ) 
        56         2.781619         0.333020         0.034621  ( 40.364972  23.474489 ) 
        57         2.781619         0.327474         0.036307  ( 40.364972  23.474489 ) 
        58         2.781619         0.326957         0.040063  ( 40.364972  23.474489 ) 
        59         2.781619         0.321260         0.046606  ( 40.364972  23.474489 ) 
        60         2.781619         0.324233         0.038295  ( 40.364972  23.474489 ) 
        61         2.781619         0.334595         0.032914  ( 40.364972  23.474489 ) 
        62         2.781619         0.331926         0.035369  ( 40.364972  23.474489 ) 
        63         2.781619         0.330463         0.031500  ( 40.364972  23.474489 ) 
        64         2.781619         0.326913         0.036443  ( 40.364972  23.474489 ) 
        65         2.781619         0.322238         0.041657  ( 40.364972  23.474489 ) 
        66         2.781619         0.323100         0.033433  ( 40.364972  23.474489 ) 
        67         2.781619         0.315785         0.038073  ( 40.364972  23.474489 ) 
        68         2.781619         0.322350         0.039794  ( 40.364972  23.474489 ) 
        69         2.781619         0.318619         0.043744  ( 40.364972  23.474489 ) 
        70         2.781619         0.314495         0.044899  ( 40.364972  23.474489 ) 
        71         2.781619         0.321777         0.042201  ( 40.364972  23.474489 ) 
        72         2.781619         0.320542         0.039594  ( 40.364972  23.474489 ) 
        73         2.781619         0.318701         0.044002  ( 40.364972  23.474489 ) 
        74         2.781619         0.324930         0.040308  ( 40.364972  23.474489 ) 
        75         2.781619         0.328709         0.034409  ( 40.364972  23.474489 ) 
        76         2.781619         0.330202         0.035275  ( 40.364972  23.474489 ) 
        77         2.781619         0.330468         0.034529  ( 40.364972  23.474489 ) 
        78         2.781619         0.325726         0.033534  ( 40.364972  23.474489 ) 
        79         2.781619         0.324944         0.035796  ( 40.364972  23.474489 ) 
        80         2.781619         0.322625         0.034414  ( 40.364972  23.474489 ) 
        81         2.781619         0.325046         0.033555  ( 40.364972  23.474489 ) 
        82         2.781619         0.317685         0.044848  ( 40.364972  23.474489 ) 
        83         2.781619         0.329254         0.030914  ( 40.364972  23.474489 ) 
        84         2.781619         0.332789         0.027977  ( 40.364972  23.474489 ) 
        85         2.781619         0.322888         0.038631  ( 40.364972  23.474489 ) 
        86         2.781619         0.320013         0.043364  ( 40.364972  23.474489 ) 
        87         2.781619         0.316592         0.048458  ( 40.364972  23.474489 ) 
        88         2.781619         0.317884         0.042633  ( 40.364972  23.474489 ) 
        89         2.781619         0.320707         0.039618  ( 40.364972  23.474489 ) 
        90         2.781619         0.320981         0.033939  ( 40.364972  23.474489 ) 
        91         2.781619         0.321481         0.033975  ( 40.364972  23.474489 ) 
        92         2.781619         0.323804         0.028925  ( 40.364972  23.474489 ) 
        93         2.781619         0.318345         0.034463  ( 40.364972  23.474489 ) 
        94         2.781619         0.324416         0.030143  ( 40.364972  23.474489 ) 
        95         2.781619         0.320951         0.031562  ( 40.364972  23.474489 ) 
        96         2.781619         0.311394         0.044527  ( 40.364972  23.474489 ) 
        97         2.781619         0.317869         0.040239  ( 40.364972  23.474489 ) 
        98         2.781619         0.309611         0.041106  ( 40.364972  23.474489 ) 
        99         2.781619         0.309065         0.038378  ( 40.364972  23.474489 ) 
       100         2.781619         0.313806         0.033728  ( 40.364972  23.474489 ) 

Simulation completed

   Best member :

 Gene(0) = 40.364972
 Gene(1) = 23.474489
 Distance = 2.781619

----------------------------------------------------------------
-------------------------EXPERIMENT #9-------------------------
----------------------------------------------------------------

Generation       Best Value          Average           StdDev         Best Genotype

         1         2.781523         0.299200         0.042752  ( 40.369716  23.478371 ) 
         2         2.781523         0.309891         0.041630  ( 40.369716  23.478371 ) 
         3         2.781520         0.309261         0.037811  ( 40.369716  23.478396 ) 
         4         2.781520         0.312163         0.032599  ( 40.369716  23.478396 ) 
         5         2.781520         0.315213         0.028546  ( 40.369716  23.478396 ) 
         6         2.781520         0.311477         0.033898  ( 40.369716  23.478396 ) 
         7         2.781520         0.316103         0.035419  ( 40.369716  23.478396 ) 
         8         2.781520         0.311188         0.038228  ( 40.369716  23.478396 ) 
         9         2.781520         0.309719         0.039695  ( 40.369716  23.478396 ) 
        10         2.781520         0.320480         0.040511  ( 40.369716  23.478396 ) 
        11         2.781136         0.323541         0.034396  ( 40.367748  23.478396 ) 
        12         2.781136         0.313091         0.045467  ( 40.367748  23.478396 ) 
        13         2.781136         0.317254         0.047616  ( 40.367748  23.478396 ) 
        14         2.781052         0.322651         0.040387  ( 40.366400  23.488501 ) 
        15         2.781052         0.325201         0.038363  ( 40.366400  23.488501 ) 
        16         2.781026         0.320634         0.046114  ( 40.364271  23.488501 ) 
        17         2.781003         0.323189         0.040486  ( 40.366400  23.478396 ) 
        18         2.781003         0.323548         0.035542  ( 40.366400  23.478396 ) 
        19         2.781003         0.320992         0.031919  ( 40.366400  23.478396 ) 
        20         2.781003         0.324055         0.036395  ( 40.366400  23.478396 ) 
        21         2.781003         0.321854         0.037192  ( 40.366400  23.478396 ) 
        22         2.781003         0.320750         0.040389  ( 40.366400  23.478396 ) 
        23         2.781003         0.329835         0.031609  ( 40.366400  23.478396 ) 
        24         2.781003         0.324528         0.040769  ( 40.366400  23.478396 ) 
        25         2.781003         0.319704         0.052144  ( 40.366400  23.478396 ) 
        26         2.781003         0.308170         0.057951  ( 40.366400  23.478396 ) 
        27         2.781003         0.321991         0.049042  ( 40.366400  23.478396 ) 
        28         2.781003         0.327432         0.039049  ( 40.366400  23.478396 ) 
        29         2.781003         0.329821         0.033043  ( 40.366400  23.478396 ) 
        30         2.781003         0.330197         0.031484  ( 40.366400  23.478396 ) 
        31         2.781003         0.332480         0.032588  ( 40.366400  23.478396 ) 
        32         2.781003         0.335458         0.030543  ( 40.366400  23.478396 ) 
        33         2.781003         0.331796         0.029636  ( 40.366400  23.478396 ) 
        34         2.781003         0.330379         0.036073  ( 40.366400  23.478396 ) 
        35         2.781003         0.317162         0.046934  ( 40.366400  23.478396 ) 
        36         2.781003         0.325628         0.041112  ( 40.366400  23.478396 ) 
        37         2.781003         0.327710         0.039287  ( 40.366400  23.478396 ) 
        38         2.781003         0.318795         0.049073  ( 40.366400  23.478396 ) 
        39         2.781003         0.326349         0.042872  ( 40.366400  23.478396 ) 
        40         2.781003         0.322998         0.043858  ( 40.366400  23.478396 ) 
        41         2.781003         0.315762         0.046924  ( 40.366400  23.478396 ) 
        42         2.781003         0.316555         0.045052  ( 40.366400  23.478396 ) 
        43         2.781003         0.318242         0.048666  ( 40.366400  23.478396 ) 
        44         2.781003         0.318995         0.049022  ( 40.366400  23.478396 ) 
        45         2.781003         0.302465         0.056779  ( 40.366400  23.478396 ) 
        46         2.781003         0.302933         0.053429  ( 40.366400  23.478396 ) 
        47         2.781003         0.314072         0.048189  ( 40.366400  23.478396 ) 
        48         2.781003         0.312701         0.043460  ( 40.366400  23.478396 ) 
        49         2.781003         0.319657         0.041739  ( 40.366400  23.478396 ) 
        50         2.781003         0.324376         0.040491  ( 40.366400  23.478396 ) 
        51         2.781003         0.313667         0.046163  ( 40.366400  23.478396 ) 
        52         2.781003         0.319795         0.042771  ( 40.366400  23.478396 ) 
        53         2.781003         0.314353         0.050667  ( 40.366400  23.478396 ) 
        54         2.781003         0.318399         0.047207  ( 40.366400  23.478396 ) 
        55         2.781003         0.325497         0.044967  ( 40.366400  23.478396 ) 
        56         2.781003         0.324495         0.043759  ( 40.366400  23.478396 ) 
        57         2.781003         0.321200         0.045964  ( 40.366400  23.478396 ) 
        58         2.780852         0.331100         0.038596  ( 40.365664  23.479616 ) 
        59         2.780852         0.329662         0.034303  ( 40.365664  23.479616 ) 
        60         2.780852         0.331671         0.030603  ( 40.365664  23.479616 ) 
        61         2.780852         0.329263         0.034663  ( 40.365664  23.479616 ) 
        62         2.780852         0.318526         0.041993  ( 40.365664  23.479616 ) 
        63         2.780852         0.326500         0.036053  ( 40.365664  23.479616 ) 
        64         2.780852         0.327077         0.036913  ( 40.365664  23.479616 ) 
        65         2.780852         0.328103         0.027112  ( 40.365664  23.479616 ) 
        66         2.780852         0.328657         0.030618  ( 40.365664  23.479616 ) 
        67         2.780852         0.322259         0.035744  ( 40.365664  23.479616 ) 
        68         2.780852         0.317851         0.044525  ( 40.365664  23.479616 ) 
        69         2.780852         0.322314         0.038025  ( 40.365664  23.479616 ) 
        70         2.780852         0.320801         0.039707  ( 40.365664  23.479616 ) 
        71         2.780852         0.329784         0.032825  ( 40.365664  23.479616 ) 
        72         2.780852         0.323117         0.035378  ( 40.365664  23.479616 ) 
        73         2.780852         0.319242         0.039144  ( 40.365664  23.479616 ) 
        74         2.780852         0.313430         0.044976  ( 40.365664  23.479616 ) 
        75         2.780852         0.318789         0.042865  ( 40.365664  23.479616 ) 
        76         2.780852         0.321988         0.040165  ( 40.365664  23.479616 ) 
        77         2.780852         0.328451         0.030614  ( 40.365664  23.479616 ) 
        78         2.780852         0.319696         0.044914  ( 40.365664  23.479616 ) 
        79         2.780852         0.316647         0.046418  ( 40.365664  23.479616 ) 
        80         2.780852         0.319489         0.040410  ( 40.365664  23.479616 ) 
        81         2.780852         0.324139         0.032202  ( 40.365664  23.479616 ) 
        82         2.780852         0.321600         0.032556  ( 40.365664  23.479616 ) 
        83         2.780852         0.322659         0.029340  ( 40.365664  23.479616 ) 
        84         2.780852         0.319562         0.029991  ( 40.365664  23.479616 ) 
        85         2.780852         0.318118         0.032584  ( 40.365664  23.479616 ) 
        86         2.780852         0.316920         0.032816  ( 40.365664  23.479616 ) 
        87         2.780852         0.318619         0.026870  ( 40.365664  23.479616 ) 
        88         2.780852         0.318284         0.033167  ( 40.365664  23.479616 ) 
        89         2.780852         0.321270         0.025853  ( 40.365664  23.479616 ) 
        90         2.780852         0.308952         0.036568  ( 40.365664  23.479616 ) 
        91         2.780852         0.313831         0.034762  ( 40.365664  23.479616 ) 
        92         2.780852         0.317243         0.034434  ( 40.365664  23.479616 ) 
        93         2.780852         0.312506         0.039900  ( 40.365664  23.479616 ) 
        94         2.780852         0.307717         0.045634  ( 40.365664  23.479616 ) 
        95         2.780852         0.302939         0.045963  ( 40.365664  23.479616 ) 
        96         2.780852         0.298997         0.045181  ( 40.365664  23.479616 ) 
        97         2.780852         0.296505         0.049365  ( 40.365664  23.479616 ) 
        98         2.780852         0.296768         0.050025  ( 40.365664  23.479616 ) 
        99         2.780852         0.309621         0.045154  ( 40.365664  23.479616 ) 
       100         2.780852         0.304037         0.044264  ( 40.365664  23.479616 ) 

Simulation completed

   Best member :

 Gene(0) = 40.365664
 Gene(1) = 23.479616
 Distance = 2.780852

----------------------------------------------------------------
-------------------------EXPERIMENT #10-------------------------
----------------------------------------------------------------

Generation       Best Value          Average           StdDev         Best Genotype

         1         2.802730         0.301111         0.043133  ( 40.353311  23.522053 ) 
         2         2.800169         0.308647         0.044732  ( 40.370337  23.523795 ) 
         3         2.789797         0.307154         0.043397  ( 40.370337  23.456145 ) 
         4         2.789797         0.298881         0.042265  ( 40.370337  23.456145 ) 
         5         2.789797         0.317317         0.035580  ( 40.370337  23.456145 ) 
         6         2.789797         0.316118         0.035392  ( 40.370337  23.456145 ) 
         7         2.789797         0.311945         0.039273  ( 40.370337  23.456145 ) 
         8         2.787134         0.311621         0.045054  ( 40.353311  23.470780 ) 
         9         2.787134         0.304271         0.045136  ( 40.353311  23.470780 ) 
        10         2.787134         0.309975         0.049598  ( 40.353311  23.470780 ) 
        11         2.787134         0.312522         0.047805  ( 40.353311  23.470780 ) 
        12         2.787134         0.313554         0.054429  ( 40.353311  23.470780 ) 
        13         2.787134         0.319121         0.051522  ( 40.353311  23.470780 ) 
        14         2.787134         0.322817         0.046824  ( 40.353311  23.470780 ) 
        15         2.787134         0.322913         0.047277  ( 40.353311  23.470780 ) 
        16         2.787134         0.317914         0.044931  ( 40.353311  23.470780 ) 
        17         2.787134         0.326286         0.031005  ( 40.353311  23.470780 ) 
        18         2.787134         0.326450         0.034662  ( 40.353311  23.470780 ) 
        19         2.787134         0.328134         0.036518  ( 40.353311  23.470780 ) 
        20         2.787134         0.321176         0.040887  ( 40.353311  23.470780 ) 
        21         2.787134         0.318718         0.045928  ( 40.353311  23.470780 ) 
        22         2.787134         0.318696         0.045268  ( 40.353311  23.470780 ) 
        23         2.787134         0.331368         0.036546  ( 40.353311  23.470780 ) 
        24         2.787134         0.321333         0.044850  ( 40.353311  23.470780 ) 
        25         2.787134         0.324529         0.041616  ( 40.353311  23.470780 ) 
        26         2.787134         0.323950         0.041921  ( 40.353311  23.470780 ) 
        27         2.787134         0.326591         0.037958  ( 40.353311  23.470780 ) 
        28         2.785946         0.320026         0.044194  ( 40.353284  23.495222 ) 
        29         2.785946         0.328269         0.036368  ( 40.353284  23.495222 ) 
        30         2.785946         0.333199         0.035148  ( 40.353284  23.495222 ) 
        31         2.785946         0.332520         0.039888  ( 40.353284  23.495222 ) 
        32         2.785946         0.332435         0.039935  ( 40.353284  23.495222 ) 
        33         2.785946         0.324740         0.040825  ( 40.353284  23.495222 ) 
        34         2.785946         0.326629         0.038250  ( 40.353284  23.495222 ) 
        35         2.785946         0.327677         0.032438  ( 40.353284  23.495222 ) 
        36         2.785946         0.318822         0.044145  ( 40.353284  23.495222 ) 
        37         2.785946         0.322535         0.040024  ( 40.353284  23.495222 ) 
        38         2.785946         0.322601         0.040209  ( 40.353284  23.495222 ) 
        39         2.785946         0.317559         0.040798  ( 40.353284  23.495222 ) 
        40         2.785946         0.305552         0.048417  ( 40.353284  23.495222 ) 
        41         2.785946         0.320112         0.039144  ( 40.353284  23.495222 ) 
        42         2.785946         0.320783         0.041518  ( 40.353284  23.495222 ) 
        43         2.785946         0.323980         0.040089  ( 40.353284  23.495222 ) 
        44         2.785946         0.323621         0.041241  ( 40.353284  23.495222 ) 
        45         2.785946         0.317858         0.043974  ( 40.353284  23.495222 ) 
        46         2.785946         0.323323         0.040340  ( 40.353284  23.495222 ) 
        47         2.785946         0.319120         0.040582  ( 40.353284  23.495222 ) 
        48         2.785946         0.326478         0.040273  ( 40.353284  23.495222 ) 
        49         2.785946         0.330919         0.030875  ( 40.353284  23.495222 ) 
        50         2.785946         0.330863         0.033064  ( 40.353284  23.495222 ) 
        51         2.785946         0.331882         0.033078  ( 40.353284  23.495222 ) 
        52         2.785946         0.331133         0.034625  ( 40.353284  23.495222 ) 
        53         2.785394         0.330512         0.032835  ( 40.353825  23.474912 ) 
        54         2.785394         0.327699         0.038927  ( 40.353825  23.474912 ) 
        55         2.781963         0.326332         0.036545  ( 40.361664  23.474912 ) 
        56         2.781963         0.331074         0.033953  ( 40.361664  23.474912 ) 
        57         2.781963         0.328496         0.033338  ( 40.361664  23.474912 ) 
        58         2.781963         0.328282         0.029538  ( 40.361664  23.474912 ) 
        59         2.781963         0.320650         0.039908  ( 40.361664  23.474912 ) 
        60         2.781963         0.324980         0.039714  ( 40.361664  23.474912 ) 
        61         2.781963         0.319234         0.042097  ( 40.361664  23.474912 ) 
        62         2.781963         0.321833         0.041888  ( 40.361664  23.474912 ) 
        63         2.781963         0.320474         0.042895  ( 40.361664  23.474912 ) 
        64         2.781963         0.316778         0.044992  ( 40.361664  23.474912 ) 
        65         2.781963         0.309191         0.045759  ( 40.361664  23.474912 ) 
        66         2.781963         0.305868         0.047077  ( 40.361664  23.474912 ) 
        67         2.781963         0.308415         0.046009  ( 40.361664  23.474912 ) 
        68         2.781963         0.312258         0.038860  ( 40.361664  23.474912 ) 
        69         2.781963         0.312505         0.045669  ( 40.361664  23.474912 ) 
        70         2.781963         0.311673         0.041979  ( 40.361664  23.474912 ) 
        71         2.781963         0.315943         0.044386  ( 40.361664  23.474912 ) 
        72         2.781963         0.319656         0.042401  ( 40.361664  23.474912 ) 
        73         2.781963         0.332835         0.037918  ( 40.361664  23.474912 ) 
        74         2.781677         0.339631         0.035289  ( 40.363260  23.474912 ) 
        75         2.781677         0.341362         0.030382  ( 40.363260  23.474912 ) 
        76         2.780781         0.332701         0.043213  ( 40.366072  23.480811 ) 
        77         2.780781         0.334806         0.038186  ( 40.366072  23.480811 ) 
        78         2.780781         0.325256         0.044375  ( 40.366072  23.480811 ) 
        79         2.780781         0.322383         0.046506  ( 40.366072  23.480811 ) 
        80         2.780781         0.322668         0.047543  ( 40.366072  23.480811 ) 
        81         2.780781         0.328319         0.038282  ( 40.366072  23.480811 ) 
        82         2.780781         0.329079         0.036881  ( 40.366072  23.480811 ) 
        83         2.780781         0.328937         0.041315  ( 40.366072  23.480811 ) 
        84         2.780781         0.330477         0.038577  ( 40.366072  23.480811 ) 
        85         2.780781         0.335661         0.031775  ( 40.366072  23.480811 ) 
        86         2.780781         0.333044         0.037461  ( 40.366072  23.480811 ) 
        87         2.780781         0.319720         0.049277  ( 40.366072  23.480811 ) 
        88         2.780781         0.326903         0.044709  ( 40.366072  23.480811 ) 
        89         2.780781         0.333754         0.037560  ( 40.366072  23.480811 ) 
        90         2.780781         0.335004         0.033961  ( 40.366072  23.480811 ) 
        91         2.780781         0.336201         0.033627  ( 40.366072  23.480811 ) 
        92         2.780781         0.333834         0.033257  ( 40.366072  23.480811 ) 
        93         2.780781         0.327757         0.038476  ( 40.366072  23.480811 ) 
        94         2.780781         0.324821         0.040794  ( 40.366072  23.480811 ) 
        95         2.780781         0.317013         0.047734  ( 40.366072  23.480811 ) 
        96         2.780781         0.310248         0.053389  ( 40.366072  23.480811 ) 
        97         2.780781         0.308301         0.055668  ( 40.366072  23.480811 ) 
        98         2.780781         0.311392         0.057528  ( 40.366072  23.480811 ) 
        99         2.780781         0.323086         0.045069  ( 40.366072  23.480811 ) 
       100         2.780781         0.335993         0.030021  ( 40.366072  23.480811 ) 

Simulation completed

   Best member :

 Gene(0) = 40.366072
 Gene(1) = 23.480811
 Distance = 2.780781

